dihedral_coeff  1   0.745589  -0.906254 -1.233108  1.393774       0
dihedral_coeff  2   0.000000   0.000000  0.000000  0.000000       0
dihedral_coeff  3  -0.277651  -0.832951  0.000000  1.110600       0
dihedral_coeff  4   0.066276   0.198826  0.000000 -0.265099       0
dihedral_coeff  5   5.145314   0.000000 -5.145314  0.000000       0
dihedral_coeff  6   7.489529  -2.344210 -5.145314  0.000000       0
dihedral_coeff  7  -1.016210   1.733182  0.457896 -1.174867       0
dihedral_coeff  8  -0.038158  -0.114475  0.000000  0.152630       0
dihedral_coeff  9   0.702912  -0.351456  0.050208 -0.401664       0
dihedral_coeff 10   0.150624   0.451872  0.000000 -0.602496       0
dihedral_coeff 11   0.150624   0.451872  0.000000 -0.602496       0
dihedral_coeff 12  -0.527184   1.248170  0.126526 -0.847512       0
dihedral_coeff 13   0.099410   0.298236  0.000000 -0.397646       0
dihedral_coeff 14   0.689858   0.139579  0.502080 -1.331518       0
