# Time-averaged data for fix viscave
# TimeStep v_visc
10000 4.03182
20000 4.32007
30000 6.76028
40000 6.83109
50000 6.40195
60000 7.18711
70000 8.20253
80000 9.15148
90000 10.2044
100000 10.2713
110000 10.3657
120000 10.5363
130000 10.7349
140000 11.1842
150000 11.3109
160000 11.3072
170000 11.8422
180000 12.1615
190000 12.5201
200000 12.8924
210000 12.7965
220000 12.8371
230000 12.7205
240000 12.9258
250000 13.1659
260000 13.5812
270000 13.7112
280000 13.6674
290000 13.8765
300000 14.1116
310000 14.3503
320000 14.7248
330000 14.8971
340000 14.7994
350000 14.7865
360000 15.0228
370000 15.3383
380000 15.5914
390000 15.9155
400000 16.3233
410000 16.5029
420000 16.6302
430000 16.795
440000 16.8916
450000 17.0234
460000 17.1829
470000 17.4606
480000 17.6275
490000 17.6508
500000 17.6916
510000 17.7146
520000 17.7601
530000 17.9281
540000 18.0826
550000 18.1919
560000 18.2562
570000 18.2938
580000 18.4606
590000 18.5996
600000 18.7056
610000 18.8878
620000 19.0382
630000 19.1215
640000 19.2144
650000 19.2912
660000 19.3624
670000 19.5367
680000 19.6751
690000 19.8663
700000 19.9425
710000 19.9068
720000 19.8933
730000 19.8455
740000 19.8718
750000 19.9493
760000 20.0846
770000 20.2075
780000 20.4379
790000 20.6
800000 20.7057
810000 20.6862
820000 20.7515
830000 20.7779
840000 20.7872
850000 20.8172
860000 20.9538
870000 21.0297
880000 21.107
890000 21.178
900000 21.1245
910000 21.1736
920000 21.2151
930000 21.2941
940000 21.3522
950000 21.4105
960000 21.5289
970000 21.6701
980000 21.7941
990000 21.8447
1000000 21.8712
1010000 21.9315
1020000 21.9513
1030000 21.9979
1040000 22.0612
1050000 22.0398
1060000 22.0269
1070000 22.0122
1080000 22.0432
1090000 22.0747
1100000 22.0712
1110000 22.0804
1120000 22.0678
1130000 22.0274
1140000 21.9993
1150000 21.9256
1160000 21.8765
1170000 21.872
1180000 21.8988
1190000 21.8784
1200000 21.8308
1210000 21.7639
1220000 21.7277
1230000 21.7254
1240000 21.7311
1250000 21.6943
1260000 21.6543
1270000 21.5927
1280000 21.5555
1290000 21.538
1300000 21.5601
1310000 21.5585
1320000 21.5522
1330000 21.5633
1340000 21.5743
1350000 21.5431
1360000 21.5128
1370000 21.5232
1380000 21.496
1390000 21.5276
1400000 21.5438
1410000 21.5794
1420000 21.644
1430000 21.6947
1440000 21.7709
1450000 21.8228
1460000 21.8961
1470000 21.9294
1480000 21.9802
1490000 21.9862
1500000 21.9573
1510000 21.9688
1520000 22.0112
1530000 22.0363
1540000 22.0992
1550000 22.1407
1560000 22.1781
1570000 22.2547
1580000 22.3444
1590000 22.3491
1600000 22.3831
1610000 22.3819
1620000 22.4188
1630000 22.3993
1640000 22.4368
1650000 22.4696
1660000 22.4683
1670000 22.464
1680000 22.449
1690000 22.4395
1700000 22.4453
1710000 22.4767
1720000 22.4741
1730000 22.4694
1740000 22.448
1750000 22.4504
1760000 22.4594
1770000 22.4862
1780000 22.5243
1790000 22.5253
1800000 22.5048
1810000 22.4874
1820000 22.4705
1830000 22.4834
1840000 22.4779
1850000 22.454
1860000 22.4634
1870000 22.468
1880000 22.4621
1890000 22.4449
1900000 22.4111
1910000 22.3557
1920000 22.297
1930000 22.3236
1940000 22.3277
1950000 22.3592
1960000 22.3643
1970000 22.3695
1980000 22.3281
1990000 22.322
2000000 22.2756
2010000 22.2306
2020000 22.2054
2030000 22.2111
2040000 22.2003
2050000 22.2118
2060000 22.2297
2070000 22.2441
2080000 22.27
2090000 22.2835
2100000 22.2735
2110000 22.2733
2120000 22.3217
2130000 22.3543
2140000 22.3742
2150000 22.3658
2160000 22.3754
2170000 22.3893
2180000 22.397
2190000 22.4135
2200000 22.4138
2210000 22.4053
2220000 22.3488
2230000 22.3143
2240000 22.3028
2250000 22.318
2260000 22.337
2270000 22.3784
2280000 22.4185
2290000 22.4498
2300000 22.4347
2310000 22.4279
2320000 22.4366
2330000 22.4364
2340000 22.4556
2350000 22.4901
2360000 22.5206
2370000 22.5569
2380000 22.5751
2390000 22.5865
2400000 22.6277
2410000 22.6505
2420000 22.6564
2430000 22.6596
2440000 22.6573
2450000 22.6634
2460000 22.6719
2470000 22.6928
2480000 22.7258
2490000 22.7252
2500000 22.6994
2510000 22.7162
2520000 22.7082
2530000 22.6968
2540000 22.6825
2550000 22.6707
2560000 22.6636
2570000 22.6672
2580000 22.6707
2590000 22.6932
2600000 22.703
2610000 22.6908
2620000 22.7092
2630000 22.7432
2640000 22.7731
2650000 22.812
2660000 22.8399
2670000 22.8861
2680000 22.9312
2690000 22.9764
2700000 23.0032
2710000 23.032
2720000 23.06
2730000 23.097
2740000 23.1183
2750000 23.1202
2760000 23.1272
2770000 23.1344
2780000 23.1358
2790000 23.1702
2800000 23.1956
2810000 23.2048
2820000 23.2226
2830000 23.2468
2840000 23.2639
2850000 23.2977
2860000 23.3095
2870000 23.3221
2880000 23.3123
2890000 23.3022
2900000 23.3178
2910000 23.3426
2920000 23.3459
2930000 23.3496
2940000 23.3654
2950000 23.3849
2960000 23.4077
2970000 23.403
2980000 23.3767
2990000 23.3682
3000000 23.3689
3010000 23.3561
3020000 23.3482
3030000 23.3397
3040000 23.3265
3050000 23.3284
3060000 23.3137
3070000 23.2917
3080000 23.2902
3090000 23.2868
3100000 23.2931
3110000 23.2881
3120000 23.2793
3130000 23.2722
3140000 23.2747
3150000 23.2586
3160000 23.2741
3170000 23.2749
3180000 23.259
3190000 23.2433
3200000 23.2442
3210000 23.2526
3220000 23.2531
3230000 23.2337
3240000 23.2252
3250000 23.2232
3260000 23.2236
3270000 23.2182
3280000 23.2188
3290000 23.2176
3300000 23.2153
3310000 23.2375
3320000 23.2739
3330000 23.2926
3340000 23.2955
3350000 23.3077
3360000 23.332
3370000 23.3628
3380000 23.3822
3390000 23.3905
3400000 23.397
3410000 23.4224
3420000 23.4228
3430000 23.4353
3440000 23.4693
3450000 23.4805
3460000 23.4907
3470000 23.5054
3480000 23.5253
3490000 23.5445
3500000 23.5841
3510000 23.6038
3520000 23.6091
3530000 23.6124
3540000 23.6187
3550000 23.6192
3560000 23.6321
3570000 23.653
3580000 23.6522
3590000 23.6492
3600000 23.6475
3610000 23.6474
3620000 23.6509
3630000 23.6604
3640000 23.6622
3650000 23.6611
3660000 23.6625
3670000 23.679
3680000 23.6865
3690000 23.6959
3700000 23.6871
3710000 23.6773
3720000 23.6509
3730000 23.6463
3740000 23.6404
3750000 23.6416
3760000 23.6308
3770000 23.5997
3780000 23.5653
3790000 23.5367
3800000 23.5292
3810000 23.5258
3820000 23.5176
3830000 23.4952
3840000 23.486
3850000 23.4964
3860000 23.4955
3870000 23.4887
3880000 23.4831
3890000 23.4813
3900000 23.4789
3910000 23.4856
3920000 23.4964
3930000 23.4949
3940000 23.4947
3950000 23.494
3960000 23.5054
3970000 23.5248
3980000 23.538
3990000 23.5566
4000000 23.558
4010000 23.5483
4020000 23.5283
4030000 23.5155
4040000 23.4967
4050000 23.476
4060000 23.466
4070000 23.4598
4080000 23.4481
4090000 23.4295
4100000 23.4399
4110000 23.4384
4120000 23.4443
4130000 23.4562
4140000 23.4701
4150000 23.4812
4160000 23.484
4170000 23.4814
4180000 23.4934
4190000 23.4981
4200000 23.49
4210000 23.4936
4220000 23.4855
4230000 23.4799
4240000 23.4754
4250000 23.477
4260000 23.4805
4270000 23.4741
4280000 23.4595
4290000 23.4598
4300000 23.4709
4310000 23.4703
4320000 23.4567
4330000 23.4647
4340000 23.4772
4350000 23.5068
4360000 23.5312
4370000 23.5478
4380000 23.5593
4390000 23.5624
4400000 23.5671
4410000 23.5711
4420000 23.5835
4430000 23.6113
4440000 23.6111
4450000 23.6216
4460000 23.6306
4470000 23.6496
4480000 23.661
4490000 23.6606
4500000 23.6628
4510000 23.6672
4520000 23.6658
4530000 23.6704
4540000 23.6912
4550000 23.699
4560000 23.7243
4570000 23.7342
4580000 23.7459
4590000 23.76
4600000 23.7702
4610000 23.8012
4620000 23.8296
4630000 23.8301
4640000 23.8326
4650000 23.8336
4660000 23.8432
4670000 23.862
4680000 23.8768
4690000 23.8757
4700000 23.878
4710000 23.8618
4720000 23.852
4730000 23.8407
4740000 23.8304
4750000 23.8088
4760000 23.8
4770000 23.8081
4780000 23.83
4790000 23.8509
4800000 23.8685
4810000 23.8947
4820000 23.915
4830000 23.9269
4840000 23.93
4850000 23.9207
4860000 23.925
4870000 23.9439
4880000 23.9468
4890000 23.9557
4900000 23.9533
4910000 23.9501
4920000 23.952
4930000 23.9642
4940000 23.9747
4950000 23.9861
4960000 24.0024
4970000 24.0092
4980000 24.0143
4990000 24.0054
5000000 23.9845
5010000 23.9846
5020000 23.9981
5030000 23.9936
5040000 23.9911
5050000 23.9767
5060000 23.9526
5070000 23.9449
5080000 23.9418
5090000 23.9447
5100000 23.9454
5110000 23.9569
5120000 23.9515
5130000 23.9502
5140000 23.9493
5150000 23.9451
5160000 23.9389
5170000 23.9342
5180000 23.9278
5190000 23.9243
5200000 23.907
5210000 23.8818
5220000 23.8691
5230000 23.8593
5240000 23.8563
5250000 23.8512
5260000 23.843
5270000 23.8452
5280000 23.8447
5290000 23.8384
5300000 23.8453
5310000 23.8421
5320000 23.8532
5330000 23.8475
5340000 23.8457
5350000 23.8421
5360000 23.8331
5370000 23.8376
5380000 23.8402
5390000 23.8407
5400000 23.8423
5410000 23.8543
5420000 23.8597
5430000 23.8759
5440000 23.8881
5450000 23.8973
5460000 23.9153
5470000 23.9283
5480000 23.9384
5490000 23.9365
5500000 23.9452
5510000 23.9525
5520000 23.9611
5530000 23.9576
5540000 23.9554
5550000 23.9517
5560000 23.9465
5570000 23.9567
5580000 23.9561
5590000 23.9482
5600000 23.9462
5610000 23.9589
5620000 23.9578
5630000 23.9592
5640000 23.9646
5650000 23.9658
5660000 23.9642
5670000 23.9741
5680000 23.9781
5690000 23.9758
5700000 23.9601
5710000 23.9604
5720000 23.965
5730000 23.9603
5740000 23.9719
5750000 23.9821
5760000 23.995
5770000 24.018
5780000 24.0428
5790000 24.0649
5800000 24.0916
5810000 24.1105
5820000 24.1283
5830000 24.1373
5840000 24.1589
5850000 24.1723
5860000 24.1896
5870000 24.2041
5880000 24.2151
5890000 24.2302
5900000 24.2426
5910000 24.2465
5920000 24.2327
5930000 24.2387
5940000 24.2481
5950000 24.2666
5960000 24.2753
5970000 24.2914
5980000 24.2892
5990000 24.2885
6000000 24.2902
6010000 24.2885
6020000 24.3076
6030000 24.3154
6040000 24.3163
6050000 24.3265
6060000 24.3355
6070000 24.3429
6080000 24.3489
6090000 24.3557
6100000 24.365
6110000 24.3669
6120000 24.3686
6130000 24.3707
6140000 24.376
6150000 24.3847
6160000 24.3771
6170000 24.3825
6180000 24.3821
6190000 24.3945
6200000 24.3962
6210000 24.4038
6220000 24.4087
6230000 24.411
6240000 24.4057
6250000 24.4054
6260000 24.3966
6270000 24.3828
6280000 24.3743
6290000 24.3653
6300000 24.3593
6310000 24.3556
6320000 24.3621
6330000 24.3613
6340000 24.3599
6350000 24.3541
6360000 24.3432
6370000 24.3336
6380000 24.3253
6390000 24.3272
6400000 24.3397
6410000 24.3396
6420000 24.3348
6430000 24.3414
6440000 24.3371
6450000 24.3336
6460000 24.3375
6470000 24.3415
6480000 24.3472
6490000 24.353
6500000 24.3549
6510000 24.3596
6520000 24.3612
6530000 24.3667
6540000 24.3674
6550000 24.3668
6560000 24.3689
6570000 24.3761
6580000 24.3805
6590000 24.4088
6600000 24.4075
6610000 24.4161
6620000 24.4269
6630000 24.433
6640000 24.4384
6650000 24.4447
6660000 24.4521
6670000 24.4524
6680000 24.4515
6690000 24.4537
6700000 24.4506
6710000 24.4506
6720000 24.4547
6730000 24.4513
6740000 24.4399
6750000 24.4362
6760000 24.4408
6770000 24.4447
6780000 24.4529
6790000 24.4596
6800000 24.467
6810000 24.4707
6820000 24.4799
6830000 24.4859
6840000 24.4884
6850000 24.4922
6860000 24.5004
6870000 24.4966
6880000 24.5
6890000 24.514
6900000 24.5153
6910000 24.5196
6920000 24.5208
6930000 24.5329
6940000 24.5416
6950000 24.5424
6960000 24.5448
6970000 24.555
6980000 24.5502
6990000 24.5445
7000000 24.5447
7010000 24.5419
7020000 24.5402
7030000 24.5271
7040000 24.5077
7050000 24.4956
7060000 24.4888
7070000 24.4878
7080000 24.4928
7090000 24.4913
7100000 24.4935
7110000 24.4831
7120000 24.4746
7130000 24.475
7140000 24.4688
7150000 24.4673
7160000 24.464
7170000 24.4641
7180000 24.4724
7190000 24.4798
7200000 24.4849
7210000 24.4763
7220000 24.4839
7230000 24.487
7240000 24.4805
7250000 24.4763
7260000 24.4715
7270000 24.4614
7280000 24.4497
7290000 24.4375
7300000 24.4357
7310000 24.4306
7320000 24.4258
7330000 24.4267
7340000 24.4222
7350000 24.4147
7360000 24.4148
7370000 24.4102
7380000 24.4101
7390000 24.4083
7400000 24.4063
7410000 24.4083
7420000 24.4083
7430000 24.4112
7440000 24.4231
7450000 24.4257
7460000 24.43
7470000 24.4425
7480000 24.4467
7490000 24.4548
7500000 24.461
7510000 24.4641
7520000 24.4638
7530000 24.4705
7540000 24.4735
7550000 24.484
7560000 24.477
7570000 24.4849
7580000 24.4862
7590000 24.4845
7600000 24.4896
7610000 24.5001
7620000 24.5106
7630000 24.5186
7640000 24.5171
7650000 24.5231
7660000 24.5217
7670000 24.5257
7680000 24.5333
7690000 24.5303
7700000 24.5314
7710000 24.5326
7720000 24.5381
7730000 24.5422
7740000 24.5458
7750000 24.5524
7760000 24.5576
7770000 24.5668
7780000 24.5721
7790000 24.5817
7800000 24.5868
7810000 24.5903
7820000 24.5924
7830000 24.6006
7840000 24.5998
7850000 24.5948
7860000 24.5825
7870000 24.5862
7880000 24.5875
7890000 24.5839
7900000 24.5837
7910000 24.5749
7920000 24.5726
7930000 24.5676
7940000 24.5643
7950000 24.5601
7960000 24.5556
7970000 24.5488
7980000 24.5437
7990000 24.5398
8000000 24.533
8010000 24.5251
8020000 24.5213
8030000 24.5156
8040000 24.5121
8050000 24.5042
8060000 24.4945
8070000 24.4801
8080000 24.4655
8090000 24.4507
8100000 24.4317
8110000 24.4194
8120000 24.4074
8130000 24.399
8140000 24.3888
8150000 24.3762
8160000 24.3629
8170000 24.3409
8180000 24.329
8190000 24.3177
8200000 24.3068
8210000 24.2972
8220000 24.29
8230000 24.2889
8240000 24.284
8250000 24.2804
8260000 24.2776
8270000 24.2817
8280000 24.2925
8290000 24.2929
8300000 24.2945
8310000 24.2908
8320000 24.2826
8330000 24.2742
8340000 24.2659
8350000 24.2717
8360000 24.276
8370000 24.2728
8380000 24.268
8390000 24.2644
8400000 24.2627
8410000 24.2656
8420000 24.2582
8430000 24.2503
8440000 24.2463
8450000 24.2368
8460000 24.2283
8470000 24.2238
8480000 24.222
8490000 24.2206
8500000 24.2197
8510000 24.2212
8520000 24.2286
8530000 24.2278
8540000 24.2276
8550000 24.226
8560000 24.2322
8570000 24.2338
8580000 24.2441
8590000 24.2486
8600000 24.2543
8610000 24.2631
8620000 24.2703
8630000 24.2791
8640000 24.2782
8650000 24.2762
8660000 24.2732
8670000 24.2682
8680000 24.2699
8690000 24.2636
8700000 24.2562
8710000 24.2517
8720000 24.2444
8730000 24.2424
8740000 24.2405
8750000 24.2359
8760000 24.2326
8770000 24.2225
8780000 24.2145
8790000 24.2091
8800000 24.208
8810000 24.2018
8820000 24.1985
8830000 24.2009
8840000 24.2081
8850000 24.212
8860000 24.206
8870000 24.2076
8880000 24.2041
8890000 24.1998
8900000 24.2005
8910000 24.1921
8920000 24.1916
8930000 24.193
8940000 24.1914
8950000 24.1972
8960000 24.2021
8970000 24.2054
8980000 24.214
8990000 24.2194
9000000 24.2217
9010000 24.2233
9020000 24.2216
9030000 24.2195
9040000 24.2094
9050000 24.2062
9060000 24.2008
9070000 24.1946
9080000 24.187
9090000 24.1835
9100000 24.1768
9110000 24.1683
9120000 24.1616
9130000 24.1538
9140000 24.1533
9150000 24.1523
9160000 24.1482
9170000 24.1495
9180000 24.155
9190000 24.1587
9200000 24.1572
9210000 24.1578
9220000 24.1626
9230000 24.1623
9240000 24.1618
9250000 24.1589
9260000 24.163
9270000 24.1639
9280000 24.1738
9290000 24.1783
9300000 24.1883
9310000 24.1952
9320000 24.1972
9330000 24.198
9340000 24.2065
9350000 24.2071
9360000 24.2059
9370000 24.217
9380000 24.2294
9390000 24.2402
9400000 24.247
9410000 24.2505
9420000 24.2552
9430000 24.2697
9440000 24.2739
9450000 24.2803
9460000 24.2793
9470000 24.2716
9480000 24.2629
9490000 24.2596
9500000 24.2601
9510000 24.2625
9520000 24.2679
9530000 24.2725
9540000 24.2797
9550000 24.2892
9560000 24.2942
9570000 24.2985
9580000 24.2963
9590000 24.2894
9600000 24.29
9610000 24.2946
9620000 24.2892
9630000 24.2834
9640000 24.2812
9650000 24.2761
9660000 24.2801
9670000 24.2751
9680000 24.2766
9690000 24.2767
9700000 24.2769
9710000 24.2614
9720000 24.2613
9730000 24.2632
9740000 24.2573
9750000 24.2584
9760000 24.2601
9770000 24.256
9780000 24.2549
9790000 24.2529
9800000 24.2445
9810000 24.2404
9820000 24.2427
9830000 24.2416
9840000 24.2391
9850000 24.2359
9860000 24.2355
9870000 24.2332
9880000 24.2218
9890000 24.2174
9900000 24.2167
9910000 24.2197
9920000 24.2195
9930000 24.2141
9940000 24.2143
9950000 24.2152
9960000 24.2164
9970000 24.2133
9980000 24.2006
9990000 24.1932
10000000 24.1835
10010000 24.1745
10020000 24.1647
10030000 24.1583
10040000 24.1557
10050000 24.1557
10060000 24.1524
10070000 24.1518
10080000 24.1522
10090000 24.159
10100000 24.164
10110000 24.1686
10120000 24.1722
10130000 24.1723
10140000 24.169
10150000 24.1677
10160000 24.1623
10170000 24.1493
10180000 24.1431
10190000 24.1373
10200000 24.1347
10210000 24.1314
10220000 24.1257
10230000 24.1234
10240000 24.129
10250000 24.1314
10260000 24.1232
10270000 24.1218
10280000 24.1218
10290000 24.1227
10300000 24.1295
10310000 24.1283
10320000 24.1249
10330000 24.125
10340000 24.1265
10350000 24.1258
10360000 24.1154
10370000 24.1083
10380000 24.1036
10390000 24.1
10400000 24.0998
10410000 24.0963
10420000 24.0998
10430000 24.106
10440000 24.1109
10450000 24.1116
10460000 24.1098
10470000 24.1017
10480000 24.1021
10490000 24.1013
10500000 24.1023
10510000 24.1032
10520000 24.0964
10530000 24.0861
10540000 24.0786
10550000 24.0722
10560000 24.0678
10570000 24.0574
10580000 24.0511
10590000 24.0405
10600000 24.0332
10610000 24.0242
10620000 24.0196
10630000 24.0205
10640000 24.0162
10650000 24.0184
10660000 24.0187
10670000 24.014
10680000 24.0116
10690000 24.0109
10700000 24.0091
10710000 24.0069
10720000 24.0061
10730000 24.0047
10740000 24.0016
10750000 24.0007
10760000 24.0016
10770000 24.0047
10780000 24.0022
10790000 24.0026
10800000 24.0029
10810000 24.0001
10820000 23.9948
10830000 23.9919
10840000 23.9925
10850000 23.9908
10860000 23.9929
10870000 23.9989
10880000 24.0029
10890000 24.0015
10900000 24.0077
10910000 24.0088
10920000 24.0056
10930000 24.0044
10940000 24.0022
10950000 24.0018
10960000 24.0007
10970000 23.9943
10980000 23.9975
10990000 23.9958
11000000 23.9918
11010000 23.9906
11020000 23.9867
11030000 23.9861
11040000 23.9893
11050000 23.9931
11060000 23.9916
11070000 23.9885
11080000 23.9885
11090000 23.9936
11100000 23.9973
11110000 23.9981
11120000 24.0004
11130000 24.0013
11140000 24.0038
11150000 24.0078
11160000 24.005
11170000 24.004
11180000 24.0054
11190000 23.9968
11200000 23.9906
11210000 23.9827
11220000 23.9785
11230000 23.9779
11240000 23.9763
11250000 23.975
11260000 23.9746
11270000 23.9796
11280000 23.9836
11290000 23.9856
11300000 23.9861
11310000 23.9843
11320000 23.9854
11330000 23.9851
11340000 23.9807
11350000 23.9791
11360000 23.9812
11370000 23.9783
11380000 23.9756
11390000 23.9776
11400000 23.9812
11410000 23.9856
11420000 23.9832
11430000 23.9832
11440000 23.9798
11450000 23.9794
11460000 23.9833
11470000 23.9928
11480000 23.9972
11490000 24.0013
11500000 24.0036
11510000 24.008
11520000 24.0088
11530000 24.0178
11540000 24.0244
11550000 24.025
11560000 24.0293
11570000 24.0296
11580000 24.0328
11590000 24.0398
11600000 24.0433
11610000 24.0457
11620000 24.0537
11630000 24.0522
11640000 24.0598
11650000 24.0683
11660000 24.076
11670000 24.0795
11680000 24.083
11690000 24.0935
11700000 24.104
11710000 24.1049
11720000 24.1101
11730000 24.1198
11740000 24.125
11750000 24.1297
11760000 24.1375
11770000 24.148
11780000 24.1585
11790000 24.1681
11800000 24.1745
11810000 24.1829
11820000 24.1848
11830000 24.1913
11840000 24.2035
11850000 24.21
11860000 24.2155
11870000 24.2245
11880000 24.2252
11890000 24.2283
11900000 24.2261
11910000 24.2291
11920000 24.2255
11930000 24.2241
11940000 24.2337
11950000 24.2316
11960000 24.2338
11970000 24.2317
11980000 24.2333
11990000 24.2363
12000000 24.2379
12010000 24.24
12020000 24.2455
12030000 24.2491
12040000 24.2551
12050000 24.2571
12060000 24.2614
12070000 24.2664
12080000 24.2726
12090000 24.2791
12100000 24.282
12110000 24.2864
12120000 24.2838
12130000 24.2784
12140000 24.2721
12150000 24.2758
12160000 24.2725
12170000 24.2681
12180000 24.2644
12190000 24.2545
12200000 24.2453
12210000 24.2377
12220000 24.2307
12230000 24.2253
12240000 24.221
12250000 24.2178
12260000 24.2131
12270000 24.207
12280000 24.2034
12290000 24.1972
12300000 24.1939
12310000 24.1885
12320000 24.1847
12330000 24.1833
12340000 24.1787
12350000 24.179
12360000 24.1757
12370000 24.171
12380000 24.1661
12390000 24.1608
12400000 24.1598
12410000 24.1587
12420000 24.1532
12430000 24.1526
12440000 24.1544
12450000 24.1571
12460000 24.1615
12470000 24.1602
12480000 24.1573
12490000 24.1483
12500000 24.1476
12510000 24.1461
12520000 24.148
12530000 24.1392
12540000 24.1366
12550000 24.1345
12560000 24.1271
12570000 24.1231
12580000 24.1199
12590000 24.1242
12600000 24.1212
12610000 24.1191
12620000 24.1164
12630000 24.1146
12640000 24.1153
12650000 24.1165
12660000 24.1134
12670000 24.1093
12680000 24.1056
12690000 24.1045
12700000 24.1012
12710000 24.0958
12720000 24.0922
12730000 24.0896
12740000 24.0891
12750000 24.085
12760000 24.0855
12770000 24.0828
12780000 24.0789
12790000 24.0768
12800000 24.0758
12810000 24.0713
12820000 24.0675
12830000 24.0697
12840000 24.0724
12850000 24.0683
12860000 24.0673
12870000 24.0662
12880000 24.0711
12890000 24.0791
12900000 24.0789
12910000 24.0724
12920000 24.0693
12930000 24.065
12940000 24.0629
12950000 24.0609
12960000 24.0627
12970000 24.0627
12980000 24.0591
12990000 24.0628
13000000 24.0663
13010000 24.0749
13020000 24.0795
13030000 24.0802
13040000 24.0792
13050000 24.0789
13060000 24.0797
13070000 24.0811
13080000 24.0794
13090000 24.0802
13100000 24.0807
13110000 24.081
13120000 24.0786
13130000 24.0819
13140000 24.0817
13150000 24.0832
13160000 24.0911
13170000 24.0951
13180000 24.0921
13190000 24.0942
13200000 24.0965
13210000 24.0915
13220000 24.0884
13230000 24.0847
13240000 24.0838
13250000 24.0825
13260000 24.0838
13270000 24.0813
13280000 24.0804
13290000 24.0848
13300000 24.0866
13310000 24.0895
13320000 24.0928
13330000 24.0941
13340000 24.1023
13350000 24.1021
13360000 24.0999
13370000 24.1018
13380000 24.1018
13390000 24.0988
13400000 24.0956
13410000 24.0967
13420000 24.0971
13430000 24.0951
13440000 24.0967
13450000 24.0926
13460000 24.0851
13470000 24.0837
13480000 24.0827
13490000 24.0855
13500000 24.0829
13510000 24.0814
13520000 24.0718
13530000 24.0667
13540000 24.0634
13550000 24.0588
13560000 24.0544
13570000 24.0512
13580000 24.0463
13590000 24.0457
13600000 24.0483
13610000 24.0519
13620000 24.0504
13630000 24.0499
13640000 24.0474
13650000 24.0467
13660000 24.0475
13670000 24.0498
13680000 24.0582
13690000 24.0664
13700000 24.0751
13710000 24.0809
13720000 24.0869
13730000 24.0868
13740000 24.0852
13750000 24.0852
13760000 24.0879
13770000 24.0871
13780000 24.091
13790000 24.0922
13800000 24.0931
13810000 24.0977
13820000 24.0968
13830000 24.0947
13840000 24.0922
13850000 24.092
13860000 24.0939
13870000 24.0969
13880000 24.0987
13890000 24.0991
13900000 24.1001
13910000 24.0986
13920000 24.0969
13930000 24.0956
13940000 24.094
13950000 24.0914
13960000 24.0868
13970000 24.0845
13980000 24.082
13990000 24.0812
14000000 24.0842
14010000 24.0875
14020000 24.0858
14030000 24.0824
14040000 24.0828
14050000 24.0819
14060000 24.0784
14070000 24.0774
14080000 24.0792
14090000 24.0816
14100000 24.0789
14110000 24.0808
14120000 24.0844
14130000 24.0886
14140000 24.0878
14150000 24.084
14160000 24.085
14170000 24.0851
14180000 24.0864
14190000 24.0883
14200000 24.0916
14210000 24.0946
14220000 24.1026
14230000 24.1132
14240000 24.1182
14250000 24.1202
14260000 24.1176
14270000 24.1122
14280000 24.1089
14290000 24.1046
14300000 24.1032
14310000 24.1026
14320000 24.0994
14330000 24.0988
14340000 24.0981
14350000 24.0991
14360000 24.0949
14370000 24.0902
14380000 24.0904
14390000 24.0875
14400000 24.0862
14410000 24.0857
14420000 24.0861
14430000 24.0843
14440000 24.0796
14450000 24.0759
14460000 24.0689
14470000 24.0642
14480000 24.0627
14490000 24.0622
14500000 24.059
14510000 24.0568
14520000 24.0524
14530000 24.0502
14540000 24.0495
14550000 24.0493
14560000 24.0469
14570000 24.0453
14580000 24.0441
14590000 24.0372
14600000 24.0349
14610000 24.0343
14620000 24.0247
14630000 24.0193
14640000 24.0128
14650000 24.0085
14660000 24.0085
14670000 24.0076
14680000 24.0069
14690000 24.0078
14700000 24.0061
14710000 23.9977
14720000 23.9915
14730000 23.9845
14740000 23.9772
14750000 23.9747
14760000 23.9717
14770000 23.9714
14780000 23.9658
14790000 23.9606
14800000 23.956
14810000 23.9528
14820000 23.9519
14830000 23.949
14840000 23.9509
14850000 23.9481
14860000 23.9476
14870000 23.9446
14880000 23.9441
14890000 23.9445
14900000 23.9411
14910000 23.9352
14920000 23.9308
14930000 23.9322
14940000 23.9352
14950000 23.937
14960000 23.9393
14970000 23.9423
14980000 23.9406
14990000 23.9435
15000000 23.946
15010000 23.948
15020000 23.9483
15030000 23.9504
15040000 23.9487
15050000 23.946
15060000 23.9466
15070000 23.9492
15080000 23.9553
15090000 23.9587
15100000 23.9573
15110000 23.9587
15120000 23.9626
15130000 23.9584
15140000 23.9549
15150000 23.9523
15160000 23.9478
15170000 23.9472
15180000 23.946
15190000 23.9443
15200000 23.9419
15210000 23.9398
15220000 23.9389
15230000 23.9381
15240000 23.94
15250000 23.9443
15260000 23.9461
15270000 23.9481
15280000 23.9444
15290000 23.943
15300000 23.939
15310000 23.9435
15320000 23.9475
15330000 23.9494
15340000 23.952
15350000 23.9524
15360000 23.9549
15370000 23.9589
15380000 23.9561
15390000 23.9559
15400000 23.9564
15410000 23.9593
15420000 23.9638
15430000 23.9659
15440000 23.9701
15450000 23.9689
15460000 23.9726
15470000 23.9706
15480000 23.9679
15490000 23.9681
15500000 23.9686
15510000 23.9706
15520000 23.9705
15530000 23.9704
15540000 23.9758
15550000 23.9802
15560000 23.9823
15570000 23.9855
15580000 23.9848
15590000 23.9851
15600000 23.9816
15610000 23.9821
15620000 23.9767
15630000 23.9744
15640000 23.979
15650000 23.9783
15660000 23.9772
15670000 23.9744
15680000 23.9744
15690000 23.9728
15700000 23.9726
15710000 23.9688
15720000 23.9675
15730000 23.9676
15740000 23.9718
15750000 23.9753
15760000 23.9747
15770000 23.9764
15780000 23.9789
15790000 23.9788
15800000 23.9769
15810000 23.9789
15820000 23.9788
15830000 23.9724
15840000 23.9669
15850000 23.9643
15860000 23.9648
15870000 23.9647
15880000 23.9668
15890000 23.9698
15900000 23.9731
15910000 23.9725
15920000 23.9738
15930000 23.9689
15940000 23.9673
15950000 23.9691
15960000 23.9706
15970000 23.9726
15980000 23.9783
15990000 23.9827
16000000 23.9839
16010000 23.9855
16020000 23.9868
16030000 23.9918
16040000 23.9908
16050000 23.9908
16060000 23.9957
16070000 23.9988
16080000 23.997
16090000 24.0014
16100000 24.0082
16110000 24.0133
16120000 24.0167
16130000 24.0158
16140000 24.0168
16150000 24.0137
16160000 24.0109
16170000 24.0047
16180000 24.0016
16190000 23.9986
16200000 23.9987
16210000 24.0012
16220000 24.0012
16230000 24.0046
16240000 24.0085
16250000 24.0083
16260000 24.0084
16270000 24.008
16280000 24.0043
16290000 24.0034
16300000 24.0052
16310000 24.0056
16320000 24.0039
16330000 24.0033
16340000 24.003
16350000 24.0024
16360000 24.0057
16370000 24.0065
16380000 24.0046
16390000 24.0038
16400000 24.0018
16410000 24.0021
16420000 24.0023
16430000 24.005
16440000 24.0107
16450000 24.0171
16460000 24.0257
16470000 24.0295
16480000 24.0374
16490000 24.046
16500000 24.0508
16510000 24.0605
16520000 24.07
16530000 24.0767
16540000 24.0846
16550000 24.0943
16560000 24.1035
16570000 24.1123
16580000 24.1151
16590000 24.1168
16600000 24.1209
16610000 24.1268
16620000 24.133
16630000 24.1388
16640000 24.1445
16650000 24.1507
16660000 24.1536
16670000 24.1593
16680000 24.1603
16690000 24.1593
16700000 24.1595
16710000 24.1647
16720000 24.1644
16730000 24.1667
16740000 24.1685
16750000 24.1723
16760000 24.1707
16770000 24.1726
16780000 24.1771
16790000 24.1781
16800000 24.1798
16810000 24.1812
16820000 24.1823
16830000 24.1842
16840000 24.1821
16850000 24.1852
16860000 24.1879
16870000 24.1844
16880000 24.182
16890000 24.177
16900000 24.1744
16910000 24.1766
16920000 24.1766
16930000 24.1728
16940000 24.1695
16950000 24.1666
16960000 24.1622
16970000 24.1618
16980000 24.1664
16990000 24.1671
17000000 24.1672
17010000 24.1651
17020000 24.1693
17030000 24.1744
17040000 24.178
17050000 24.1794
17060000 24.1821
17070000 24.1846
17080000 24.1873
17090000 24.1911
17100000 24.1944
17110000 24.193
17120000 24.1908
17130000 24.1907
17140000 24.1947
17150000 24.1986
17160000 24.2038
17170000 24.2098
17180000 24.2113
17190000 24.2128
17200000 24.2155
17210000 24.2176
17220000 24.2158
17230000 24.2164
17240000 24.2128
17250000 24.2123
17260000 24.2132
17270000 24.2097
17280000 24.2077
17290000 24.2048
17300000 24.2075
17310000 24.2056
17320000 24.2059
17330000 24.2103
17340000 24.2093
17350000 24.2129
17360000 24.2178
17370000 24.2212
17380000 24.2225
17390000 24.2259
17400000 24.2315
17410000 24.2372
17420000 24.2407
17430000 24.2475
17440000 24.2563
17450000 24.2607
17460000 24.2622
17470000 24.2696
17480000 24.2768
17490000 24.2785
17500000 24.2852
17510000 24.2829
17520000 24.2817
17530000 24.2858
17540000 24.2919
17550000 24.2967
17560000 24.2984
17570000 24.3027
17580000 24.3086
17590000 24.3122
17600000 24.3148
17610000 24.3214
17620000 24.3283
17630000 24.3361
17640000 24.3406
17650000 24.3468
17660000 24.3523
17670000 24.3576
17680000 24.362
17690000 24.3683
17700000 24.3739
17710000 24.3774
17720000 24.3849
17730000 24.3875
17740000 24.3931
17750000 24.3984
17760000 24.4024
17770000 24.4107
17780000 24.4123
17790000 24.4157
17800000 24.4207
17810000 24.4216
17820000 24.4243
17830000 24.4254
17840000 24.4284
17850000 24.4311
17860000 24.4383
17870000 24.4397
17880000 24.4414
17890000 24.4403
17900000 24.4393
17910000 24.4445
17920000 24.4494
17930000 24.4504
17940000 24.4512
17950000 24.4553
17960000 24.4553
17970000 24.4549
17980000 24.4544
17990000 24.4542
18000000 24.4529
18010000 24.456
18020000 24.4578
18030000 24.4585
18040000 24.4598
18050000 24.4629
18060000 24.4665
18070000 24.468
18080000 24.4693
18090000 24.4735
18100000 24.4776
18110000 24.4824
18120000 24.4855
18130000 24.4904
18140000 24.4929
18150000 24.4964
18160000 24.4959
18170000 24.4966
18180000 24.5007
18190000 24.5052
18200000 24.5133
18210000 24.5224
18220000 24.5314
18230000 24.5392
18240000 24.5422
18250000 24.5449
18260000 24.5469
18270000 24.5467
18280000 24.5481
18290000 24.5539
18300000 24.5606
18310000 24.5664
18320000 24.5706
18330000 24.5783
18340000 24.585
18350000 24.591
18360000 24.596
18370000 24.6012
18380000 24.6018
18390000 24.6031
18400000 24.6032
18410000 24.6028
18420000 24.5994
18430000 24.5961
18440000 24.5982
18450000 24.5975
18460000 24.5974
18470000 24.5952
18480000 24.5916
18490000 24.592
18500000 24.5901
18510000 24.5897
18520000 24.5838
18530000 24.5791
18540000 24.5773
18550000 24.575
18560000 24.5724
18570000 24.5703
18580000 24.5714
18590000 24.5725
18600000 24.5722
18610000 24.57
18620000 24.5661
18630000 24.5664
18640000 24.5624
18650000 24.5606
18660000 24.5598
18670000 24.5622
18680000 24.5648
18690000 24.5672
18700000 24.5644
18710000 24.5632
18720000 24.5619
18730000 24.558
18740000 24.5502
18750000 24.5447
18760000 24.5416
18770000 24.5367
18780000 24.5354
18790000 24.5299
18800000 24.5241
18810000 24.5163
18820000 24.5104
18830000 24.5043
18840000 24.504
18850000 24.5012
18860000 24.4987
18870000 24.4947
18880000 24.4911
18890000 24.4875
18900000 24.4864
18910000 24.4848
18920000 24.4824
18930000 24.4785
18940000 24.4745
18950000 24.47
18960000 24.4666
18970000 24.467
18980000 24.4651
18990000 24.4648
19000000 24.4653
19010000 24.4657
19020000 24.4662
19030000 24.4622
19040000 24.4573
19050000 24.4568
19060000 24.456
19070000 24.4567
19080000 24.4593
19090000 24.4622
19100000 24.4629
19110000 24.4615
19120000 24.4636
19130000 24.4642
19140000 24.4595
19150000 24.4561
19160000 24.4532
19170000 24.4502
19180000 24.4527
19190000 24.456
19200000 24.4556
19210000 24.4532
19220000 24.4527
19230000 24.455
19240000 24.4585
19250000 24.4619
19260000 24.4653
19270000 24.4735
19280000 24.4792
19290000 24.4846
19300000 24.4908
19310000 24.4984
19320000 24.5041
19330000 24.5062
19340000 24.5089
19350000 24.5106
19360000 24.5127
19370000 24.516
19380000 24.522
19390000 24.5266
19400000 24.527
19410000 24.5303
19420000 24.5308
19430000 24.534
19440000 24.5389
19450000 24.5419
19460000 24.5428
19470000 24.5424
19480000 24.5448
19490000 24.5422
19500000 24.5418
19510000 24.5424
19520000 24.5408
19530000 24.5412
19540000 24.5396
19550000 24.5421
19560000 24.5453
19570000 24.5456
19580000 24.5431
19590000 24.5359
19600000 24.5318
19610000 24.5293
19620000 24.5236
19630000 24.5195
19640000 24.5158
19650000 24.5139
19660000 24.5165
19670000 24.5182
19680000 24.5164
19690000 24.519
19700000 24.515
19710000 24.5103
19720000 24.5085
19730000 24.5034
19740000 24.5011
19750000 24.4989
19760000 24.4973
19770000 24.499
19780000 24.5028
19790000 24.504
19800000 24.5055
19810000 24.5054
19820000 24.5101
19830000 24.5117
19840000 24.5153
19850000 24.5192
19860000 24.5248
19870000 24.5286
19880000 24.5327
19890000 24.5343
19900000 24.5392
19910000 24.5423
19920000 24.5475
19930000 24.5509
19940000 24.5519
19950000 24.5567
19960000 24.5562
19970000 24.5558
19980000 24.5547
19990000 24.5533
20000000 24.5547
20010000 24.5534
20020000 24.5547
20030000 24.5528
20040000 24.55
20050000 24.5492
20060000 24.5444
20070000 24.5414
20080000 24.5371
20090000 24.5343
20100000 24.5339
20110000 24.5349
20120000 24.534
20130000 24.5352
20140000 24.5382
20150000 24.5414
20160000 24.5451
20170000 24.5468
20180000 24.5502
20190000 24.5538
20200000 24.5545
20210000 24.5582
20220000 24.5612
20230000 24.5626
20240000 24.5629
20250000 24.5651
20260000 24.5651
20270000 24.5668
20280000 24.5651
20290000 24.5651
20300000 24.5651
20310000 24.565
20320000 24.5639
20330000 24.5627
20340000 24.5607
20350000 24.5593
20360000 24.5615
20370000 24.5651
20380000 24.5678
20390000 24.5672
20400000 24.5668
20410000 24.5667
20420000 24.5692
20430000 24.5686
20440000 24.5677
20450000 24.5643
20460000 24.5645
20470000 24.5679
20480000 24.5697
20490000 24.5697
20500000 24.5769
20510000 24.5862
20520000 24.5899
20530000 24.5931
20540000 24.5946
20550000 24.5947
20560000 24.5987
20570000 24.6017
20580000 24.6084
20590000 24.6121
20600000 24.6155
20610000 24.6162
20620000 24.6182
20630000 24.6183
20640000 24.62
20650000 24.6198
20660000 24.6235
20670000 24.6265
20680000 24.6294
20690000 24.6309
20700000 24.6309
20710000 24.6333
20720000 24.6361
20730000 24.6404
20740000 24.6429
20750000 24.6445
20760000 24.648
20770000 24.649
20780000 24.6482
20790000 24.6479
20800000 24.6454
20810000 24.6479
20820000 24.6511
20830000 24.6526
20840000 24.6565
20850000 24.6569
20860000 24.6592
20870000 24.6566
20880000 24.6563
20890000 24.6551
20900000 24.6548
20910000 24.6569
20920000 24.6598
20930000 24.6635
20940000 24.6677
20950000 24.6727
20960000 24.6771
20970000 24.68
20980000 24.6856
20990000 24.6908
21000000 24.6944
21010000 24.6977
21020000 24.7028
21030000 24.7062
21040000 24.7105
21050000 24.717
21060000 24.7218
21070000 24.7251
21080000 24.7299
21090000 24.7338
21100000 24.7393
21110000 24.7446
21120000 24.7488
21130000 24.7513
21140000 24.7538
21150000 24.7551
21160000 24.7538
21170000 24.7564
21180000 24.7607
21190000 24.7663
21200000 24.7682
21210000 24.7742
21220000 24.78
21230000 24.7835
21240000 24.7859
21250000 24.7883
21260000 24.7901
21270000 24.7919
21280000 24.7947
21290000 24.7964
21300000 24.7999
21310000 24.8016
21320000 24.8036
21330000 24.8043
21340000 24.805
21350000 24.8043
21360000 24.8061
21370000 24.8045
21380000 24.8038
21390000 24.8035
21400000 24.8085
21410000 24.8092
21420000 24.8123
21430000 24.8142
21440000 24.8109
21450000 24.8099
21460000 24.8087
21470000 24.811
21480000 24.8089
21490000 24.8105
21500000 24.81
21510000 24.8094
21520000 24.8068
21530000 24.8036
21540000 24.8052
21550000 24.8048
21560000 24.8077
21570000 24.8113
21580000 24.8146
21590000 24.8176
21600000 24.8211
21610000 24.8264
21620000 24.8296
21630000 24.8325
21640000 24.8366
21650000 24.8418
21660000 24.8459
21670000 24.8463
21680000 24.8474
21690000 24.8447
21700000 24.8444
21710000 24.8427
21720000 24.838
21730000 24.8379
21740000 24.8401
21750000 24.8438
21760000 24.847
21770000 24.8506
21780000 24.8542
21790000 24.8568
21800000 24.8594
21810000 24.8588
21820000 24.8611
21830000 24.8654
21840000 24.8688
21850000 24.8714
21860000 24.8722
21870000 24.8738
21880000 24.8775
21890000 24.882
21900000 24.8822
21910000 24.8839
21920000 24.8835
21930000 24.8846
21940000 24.8871
21950000 24.8894
21960000 24.8879
21970000 24.8868
21980000 24.8868
21990000 24.8843
22000000 24.8823
22010000 24.883
22020000 24.8842
22030000 24.8833
22040000 24.8826
22050000 24.885
22060000 24.8835
22070000 24.8871
22080000 24.8902
22090000 24.8942
22100000 24.8979
22110000 24.899
22120000 24.9033
22130000 24.9045
22140000 24.9028
22150000 24.9014
22160000 24.9034
22170000 24.9061
22180000 24.9095
22190000 24.9121
22200000 24.9149
22210000 24.9161
22220000 24.9167
22230000 24.9194
22240000 24.9213
22250000 24.9218
22260000 24.9233
22270000 24.9243
22280000 24.9256
22290000 24.9264
22300000 24.9271
22310000 24.9259
22320000 24.926
22330000 24.9265
22340000 24.9246
22350000 24.9241
22360000 24.9254
22370000 24.9268
22380000 24.9281
22390000 24.929
22400000 24.9286
22410000 24.9273
22420000 24.9261
22430000 24.9277
22440000 24.9265
22450000 24.9278
22460000 24.929
22470000 24.9303
22480000 24.9337
22490000 24.9361
22500000 24.9357
22510000 24.9364
22520000 24.936
22530000 24.9344
22540000 24.9351
22550000 24.9376
22560000 24.9373
22570000 24.9421
22580000 24.9427
22590000 24.9427
22600000 24.9389
22610000 24.938
22620000 24.9366
22630000 24.9365
22640000 24.9353
22650000 24.9353
22660000 24.9337
22670000 24.9321
22680000 24.9298
22690000 24.9277
22700000 24.9267
22710000 24.9262
22720000 24.9253
22730000 24.9264
22740000 24.9259
22750000 24.9253
22760000 24.9265
22770000 24.9234
22780000 24.9252
22790000 24.9228
22800000 24.9238
22810000 24.9243
22820000 24.9254
22830000 24.9266
22840000 24.9269
22850000 24.9278
22860000 24.9309
22870000 24.9315
22880000 24.9317
22890000 24.9306
22900000 24.9299
22910000 24.9293
22920000 24.9299
22930000 24.9326
22940000 24.9364
22950000 24.9393
22960000 24.9407
22970000 24.9396
22980000 24.9393
22990000 24.939
23000000 24.9393
23010000 24.9382
23020000 24.938
23030000 24.9341
23040000 24.9297
23050000 24.9284
23060000 24.9282
23070000 24.9276
23080000 24.9274
23090000 24.9303
23100000 24.9316
23110000 24.9301
23120000 24.9285
23130000 24.9261
23140000 24.9235
23150000 24.9219
23160000 24.9211
23170000 24.9163
23180000 24.9157
23190000 24.9143
23200000 24.9103
23210000 24.9101
23220000 24.9098
23230000 24.9107
23240000 24.9101
23250000 24.9083
23260000 24.9063
23270000 24.9072
23280000 24.9057
23290000 24.9049
23300000 24.908
23310000 24.9104
23320000 24.9103
23330000 24.9092
23340000 24.9081
23350000 24.9063
23360000 24.9091
23370000 24.9117
23380000 24.9156
23390000 24.9176
23400000 24.9214
23410000 24.9246
23420000 24.9273
23430000 24.9283
23440000 24.9276
23450000 24.9297
23460000 24.9316
23470000 24.9337
23480000 24.9351
23490000 24.9374
23500000 24.9414
23510000 24.9454
23520000 24.9481
23530000 24.947
23540000 24.9466
23550000 24.9491
23560000 24.9511
23570000 24.9493
23580000 24.9456
23590000 24.9437
23600000 24.9455
23610000 24.9476
23620000 24.9482
23630000 24.95
23640000 24.9521
23650000 24.9566
23660000 24.9619
23670000 24.962
23680000 24.9614
23690000 24.9606
23700000 24.9591
23710000 24.956
23720000 24.9567
23730000 24.9586
23740000 24.9588
23750000 24.9619
23760000 24.9624
23770000 24.9577
23780000 24.9567
23790000 24.956
23800000 24.9509
23810000 24.9513
23820000 24.9522
23830000 24.9524
23840000 24.9513
23850000 24.9504
23860000 24.9507
23870000 24.9523
23880000 24.9561
23890000 24.9559
23900000 24.9528
23910000 24.9526
23920000 24.9511
23930000 24.9507
23940000 24.949
23950000 24.9483
23960000 24.9498
23970000 24.9498
23980000 24.9482
23990000 24.9467
24000000 24.9494
24010000 24.9503
24020000 24.9498
24030000 24.9489
24040000 24.9465
24050000 24.9461
24060000 24.9477
24070000 24.9481
24080000 24.9485
24090000 24.9492
24100000 24.9504
24110000 24.9519
24120000 24.9536
24130000 24.9547
24140000 24.9545
24150000 24.9567
24160000 24.9556
24170000 24.9564
24180000 24.9556
24190000 24.9543
24200000 24.952
24210000 24.9472
24220000 24.9461
24230000 24.9457
24240000 24.9456
24250000 24.9447
24260000 24.9441
24270000 24.9427
24280000 24.9407
24290000 24.9402
24300000 24.9404
24310000 24.9409
24320000 24.9394
24330000 24.9384
24340000 24.94
24350000 24.9453
24360000 24.9495
24370000 24.949
24380000 24.949
24390000 24.9474
24400000 24.9442
24410000 24.941
24420000 24.9401
24430000 24.9391
24440000 24.9375
24450000 24.9356
24460000 24.9333
24470000 24.9327
24480000 24.9321
24490000 24.9328
24500000 24.9297
24510000 24.9277
24520000 24.9228
24530000 24.9208
24540000 24.919
24550000 24.9141
24560000 24.9125
24570000 24.9092
24580000 24.9074
24590000 24.9057
24600000 24.9066
24610000 24.9057
24620000 24.9052
24630000 24.9048
24640000 24.9044
24650000 24.9034
24660000 24.901
24670000 24.8981
24680000 24.8962
24690000 24.8956
24700000 24.8943
24710000 24.8936
24720000 24.8955
24730000 24.8956
24740000 24.8978
24750000 24.8984
24760000 24.8999
24770000 24.8993
24780000 24.8971
24790000 24.8943
24800000 24.8924
24810000 24.8905
24820000 24.8914
24830000 24.8918
24840000 24.8918
24850000 24.8957
24860000 24.8995
24870000 24.9004
24880000 24.9016
24890000 24.9022
24900000 24.9012
24910000 24.8983
24920000 24.8945
24930000 24.8916
24940000 24.8911
24950000 24.8906
24960000 24.8908
24970000 24.8906
24980000 24.8894
24990000 24.8883
25000000 24.8877
25010000 24.8847
25020000 24.881
25030000 24.8802
25040000 24.8774
25050000 24.8742
25060000 24.8741
25070000 24.8753
25080000 24.8759
25090000 24.8769
25100000 24.8787
25110000 24.878
25120000 24.8761
25130000 24.8729
25140000 24.8727
25150000 24.8726
25160000 24.8747
25170000 24.8744
25180000 24.8733
25190000 24.8719
25200000 24.8694
25210000 24.8672
25220000 24.8653
25230000 24.8656
25240000 24.8665
25250000 24.8669
25260000 24.8676
25270000 24.8675
25280000 24.8685
25290000 24.8693
25300000 24.87
25310000 24.8695
25320000 24.8693
25330000 24.8685
25340000 24.8702
25350000 24.8714
25360000 24.8742
25370000 24.8764
25380000 24.8765
25390000 24.876
25400000 24.8771
25410000 24.8785
25420000 24.8786
25430000 24.879
25440000 24.8812
25450000 24.8828
25460000 24.8833
25470000 24.8839
25480000 24.883
25490000 24.8867
25500000 24.8834
25510000 24.8813
25520000 24.8797
25530000 24.8782
25540000 24.8771
25550000 24.8784
25560000 24.8772
25570000 24.8778
25580000 24.88
25590000 24.8798
25600000 24.8797
25610000 24.8829
25620000 24.887
25630000 24.8874
25640000 24.8903
25650000 24.892
25660000 24.892
25670000 24.8934
25680000 24.8918
25690000 24.8925
25700000 24.8924
25710000 24.8958
25720000 24.8941
25730000 24.8923
25740000 24.8904
25750000 24.8898
25760000 24.8914
25770000 24.8928
25780000 24.8932
25790000 24.894
25800000 24.8968
25810000 24.8983
25820000 24.9028
25830000 24.9044
25840000 24.9089
25850000 24.9117
25860000 24.9134
25870000 24.9155
25880000 24.9167
25890000 24.9152
25900000 24.9148
25910000 24.9123
25920000 24.9115
25930000 24.9088
25940000 24.9111
25950000 24.9103
25960000 24.9111
25970000 24.9124
25980000 24.9132
25990000 24.9114
26000000 24.9123
26010000 24.9122
26020000 24.911
26030000 24.9104
26040000 24.9084
26050000 24.9067
26060000 24.9049
26070000 24.9042
26080000 24.9027
26090000 24.9027
26100000 24.9013
26110000 24.9005
26120000 24.8995
26130000 24.8962
26140000 24.8944
26150000 24.8915
26160000 24.8907
26170000 24.8908
26180000 24.8893
26190000 24.8854
26200000 24.8836
26210000 24.8811
26220000 24.8783
26230000 24.8753
26240000 24.8715
26250000 24.8694
26260000 24.868
26270000 24.8662
26280000 24.861
26290000 24.8605
26300000 24.862
26310000 24.8616
26320000 24.8614
26330000 24.8616
26340000 24.864
26350000 24.8657
26360000 24.8663
26370000 24.8679
26380000 24.867
26390000 24.8672
26400000 24.8674
26410000 24.8711
26420000 24.8723
26430000 24.873
26440000 24.8723
26450000 24.8746
26460000 24.8748
26470000 24.8751
26480000 24.8775
26490000 24.8784
26500000 24.8789
26510000 24.8826
26520000 24.8829
26530000 24.8857
26540000 24.8866
26550000 24.8871
26560000 24.8892
26570000 24.8913
26580000 24.8918
26590000 24.8917
26600000 24.8899
26610000 24.8892
26620000 24.8898
26630000 24.8915
26640000 24.8939
26650000 24.8941
26660000 24.8967
26670000 24.8987
26680000 24.8983
26690000 24.9003
26700000 24.9055
26710000 24.9078
26720000 24.9116
26730000 24.9132
26740000 24.9129
26750000 24.9117
26760000 24.9132
26770000 24.9148
26780000 24.9178
26790000 24.919
26800000 24.9188
26810000 24.9209
26820000 24.9223
26830000 24.922
26840000 24.9238
26850000 24.9274
26860000 24.9303
26870000 24.9331
26880000 24.9313
26890000 24.9328
26900000 24.9359
26910000 24.939
26920000 24.9411
26930000 24.9413
26940000 24.9438
26950000 24.9445
26960000 24.9482
26970000 24.9539
26980000 24.9576
26990000 24.9603
27000000 24.9616
27010000 24.9625
27020000 24.9642
27030000 24.9652
27040000 24.9631
27050000 24.9618
27060000 24.9598
27070000 24.9606
27080000 24.9614
27090000 24.9633
27100000 24.9645
27110000 24.9642
27120000 24.9651
27130000 24.9666
27140000 24.9679
27150000 24.9689
27160000 24.9702
27170000 24.9705
27180000 24.9721
27190000 24.9721
27200000 24.9715
27210000 24.9718
27220000 24.9746
27230000 24.9758
27240000 24.977
27250000 24.9782
27260000 24.977
27270000 24.9756
27280000 24.9727
27290000 24.9702
27300000 24.9693
27310000 24.9699
27320000 24.9709
27330000 24.9737
27340000 24.9743
27350000 24.9773
27360000 24.9781
27370000 24.9782
27380000 24.9773
27390000 24.9787
27400000 24.9781
27410000 24.9754
27420000 24.9728
27430000 24.9699
27440000 24.9682
27450000 24.9644
27460000 24.9634
27470000 24.9629
27480000 24.9642
27490000 24.9663
27500000 24.9671
27510000 24.9667
27520000 24.965
27530000 24.9636
27540000 24.9635
27550000 24.9618
27560000 24.9596
27570000 24.9574
27580000 24.9552
27590000 24.9538
27600000 24.9512
27610000 24.952
27620000 24.9515
27630000 24.9516
27640000 24.9511
27650000 24.9528
27660000 24.9513
27670000 24.9525
27680000 24.9536
27690000 24.9537
27700000 24.9543
27710000 24.9546
27720000 24.9539
27730000 24.9536
27740000 24.9507
27750000 24.9512
27760000 24.9503
27770000 24.9497
27780000 24.9499
27790000 24.9508
27800000 24.9504
27810000 24.9508
27820000 24.949
27830000 24.95
27840000 24.951
27850000 24.9525
27860000 24.954
27870000 24.9573
27880000 24.9603
27890000 24.9615
27900000 24.9633
27910000 24.9652
27920000 24.9683
27930000 24.9709
27940000 24.9731
27950000 24.9752
27960000 24.9787
27970000 24.9792
27980000 24.9799
27990000 24.9803
28000000 24.9841
28010000 24.9883
28020000 24.9897
28030000 24.9918
28040000 24.9921
28050000 24.9921
28060000 24.9944
28070000 24.9945
28080000 24.9992
28090000 25.0046
28100000 25.0104
28110000 25.0146
28120000 25.0198
28130000 25.0244
28140000 25.0276
28150000 25.0344
28160000 25.0408
28170000 25.0486
28180000 25.0548
28190000 25.057
28200000 25.0578
28210000 25.0599
28220000 25.0629
28230000 25.0649
28240000 25.0681
28250000 25.0691
28260000 25.0713
28270000 25.0753
28280000 25.0776
28290000 25.0794
28300000 25.0819
28310000 25.0846
28320000 25.0861
28330000 25.0875
28340000 25.0876
28350000 25.089
28360000 25.0907
28370000 25.0924
28380000 25.0939
28390000 25.0947
28400000 25.0952
28410000 25.0985
28420000 25.1013
28430000 25.1019
28440000 25.1061
28450000 25.1104
28460000 25.1111
28470000 25.1137
28480000 25.1158
28490000 25.1159
28500000 25.1189
28510000 25.1192
28520000 25.1176
28530000 25.1191
28540000 25.1196
28550000 25.1218
28560000 25.1213
28570000 25.123
28580000 25.1265
28590000 25.1295
28600000 25.1287
28610000 25.1276
28620000 25.1282
28630000 25.1293
28640000 25.1261
28650000 25.1257
28660000 25.1243
28670000 25.1238
28680000 25.1222
28690000 25.12
28700000 25.1197
28710000 25.1198
28720000 25.1198
28730000 25.1203
28740000 25.1206
28750000 25.1191
28760000 25.115
28770000 25.114
28780000 25.1148
28790000 25.1144
28800000 25.1131
28810000 25.1098
28820000 25.1072
28830000 25.1042
28840000 25.1027
28850000 25.1038
28860000 25.104
28870000 25.1021
28880000 25.1025
28890000 25.1018
28900000 25.1007
28910000 25.1001
28920000 25.0981
28930000 25.1
28940000 25.1006
28950000 25.1007
28960000 25.0992
28970000 25.0991
28980000 25.0989
28990000 25.0997
29000000 25.1001
29010000 25.102
29020000 25.1052
29030000 25.106
29040000 25.1067
29050000 25.1092
29060000 25.1112
29070000 25.1117
29080000 25.1133
29090000 25.115
29100000 25.1174
29110000 25.118
29120000 25.1179
29130000 25.1174
29140000 25.12
29150000 25.1206
29160000 25.1203
29170000 25.1221
29180000 25.1248
29190000 25.1268
29200000 25.1293
29210000 25.131
29220000 25.1334
29230000 25.1353
29240000 25.1364
29250000 25.1389
29260000 25.1386
29270000 25.1398
29280000 25.1391
29290000 25.1392
29300000 25.1403
29310000 25.1419
29320000 25.1431
29330000 25.1453
29340000 25.1455
29350000 25.1493
29360000 25.1519
29370000 25.1554
29380000 25.158
29390000 25.1603
29400000 25.1621
29410000 25.1623
29420000 25.1616
29430000 25.159
29440000 25.1599
29450000 25.1599
29460000 25.1587
29470000 25.1569
29480000 25.1569
29490000 25.1588
29500000 25.1599
29510000 25.1633
29520000 25.1677
29530000 25.1706
29540000 25.1721
29550000 25.1717
29560000 25.1712
29570000 25.1696
29580000 25.1686
29590000 25.1656
29600000 25.1637
29610000 25.1636
29620000 25.1629
29630000 25.1626
29640000 25.1631
29650000 25.1631
29660000 25.1658
29670000 25.1685
29680000 25.1697
29690000 25.1722
29700000 25.1739
29710000 25.1762
29720000 25.1788
29730000 25.184
29740000 25.1891
29750000 25.1928
29760000 25.1958
29770000 25.1989
29780000 25.2007
29790000 25.2038
29800000 25.2065
29810000 25.2089
29820000 25.2118
29830000 25.2151
29840000 25.2171
29850000 25.2202
29860000 25.2228
29870000 25.2252
29880000 25.2263
29890000 25.2276
29900000 25.2293
29910000 25.2288
29920000 25.2303
29930000 25.2308
29940000 25.2306
29950000 25.2323
29960000 25.2331
29970000 25.2351
29980000 25.2369
29990000 25.237
30000000 25.2379
30010000 25.2382
30020000 25.2394
30030000 25.2386
30040000 25.2402
30050000 25.2426
30060000 25.246
30070000 25.2514
30080000 25.2512
30090000 25.2529
30100000 25.2543
30110000 25.2578
30120000 25.2593
30130000 25.2602
30140000 25.2615
30150000 25.2633
30160000 25.2637
30170000 25.2667
30180000 25.2671
30190000 25.2686
30200000 25.2693
30210000 25.2724
30220000 25.2746
30230000 25.2768
30240000 25.2787
30250000 25.2818
30260000 25.2836
30270000 25.2865
30280000 25.2871
30290000 25.2867
30300000 25.2897
30310000 25.2901
30320000 25.2901
30330000 25.2865
30340000 25.2849
30350000 25.2859
30360000 25.2872
30370000 25.2878
30380000 25.2877
30390000 25.2887
30400000 25.2892
30410000 25.2896
30420000 25.2927
30430000 25.2971
30440000 25.2984
30450000 25.2986
30460000 25.3007
30470000 25.3011
30480000 25.3025
30490000 25.3035
30500000 25.3066
30510000 25.3081
30520000 25.3066
30530000 25.307
30540000 25.3073
30550000 25.3099
30560000 25.3114
30570000 25.3101
30580000 25.3108
30590000 25.3086
30600000 25.3094
30610000 25.3106
30620000 25.3125
30630000 25.3143
30640000 25.3158
30650000 25.3154
30660000 25.3167
30670000 25.3181
30680000 25.3188
30690000 25.3213
30700000 25.3238
30710000 25.3264
30720000 25.327
30730000 25.3269
30740000 25.3256
30750000 25.3239
30760000 25.3224
30770000 25.3203
30780000 25.319
30790000 25.3181
30800000 25.3169
30810000 25.3154
30820000 25.3149
30830000 25.3129
30840000 25.3095
30850000 25.3077
30860000 25.3059
30870000 25.3037
30880000 25.3005
30890000 25.297
30900000 25.2937
30910000 25.2932
30920000 25.2925
30930000 25.2917
30940000 25.2919
30950000 25.2904
30960000 25.2913
30970000 25.2923
30980000 25.2934
30990000 25.2943
31000000 25.2944
31010000 25.2933
31020000 25.2935
31030000 25.2933
31040000 25.2959
31050000 25.2981
31060000 25.2992
31070000 25.2994
31080000 25.2986
31090000 25.2957
31100000 25.2937
31110000 25.2947
31120000 25.2929
31130000 25.2926
31140000 25.2917
31150000 25.2915
31160000 25.2927
31170000 25.2913
31180000 25.2919
31190000 25.2934
31200000 25.2959
31210000 25.2976
31220000 25.2977
31230000 25.297
31240000 25.2945
31250000 25.2924
31260000 25.2893
31270000 25.2869
31280000 25.2853
31290000 25.2822
31300000 25.2801
31310000 25.2799
31320000 25.2793
31330000 25.278
31340000 25.2775
31350000 25.2765
31360000 25.2766
31370000 25.2764
31380000 25.2751
31390000 25.2731
31400000 25.2729
31410000 25.2731
31420000 25.2731
31430000 25.2725
31440000 25.2722
31450000 25.2706
31460000 25.2689
31470000 25.2674
31480000 25.2656
31490000 25.2648
31500000 25.2651
31510000 25.2625
31520000 25.2616
31530000 25.2584
31540000 25.2562
31550000 25.2559
31560000 25.2555
31570000 25.2561
31580000 25.2548
31590000 25.2538
31600000 25.252
31610000 25.2516
31620000 25.2492
31630000 25.2473
31640000 25.2469
31650000 25.2467
31660000 25.2463
31670000 25.2462
31680000 25.2449
31690000 25.2449
31700000 25.2452
31710000 25.245
31720000 25.245
31730000 25.2455
31740000 25.2484
31750000 25.2486
31760000 25.2491
31770000 25.2486
31780000 25.2471
31790000 25.2464
31800000 25.2468
31810000 25.2499
31820000 25.2505
31830000 25.2506
31840000 25.2509
31850000 25.2532
31860000 25.2544
31870000 25.2569
31880000 25.2615
31890000 25.2644
31900000 25.2646
31910000 25.2664
31920000 25.2697
31930000 25.2721
31940000 25.2724
31950000 25.2732
31960000 25.2752
31970000 25.2763
31980000 25.2773
31990000 25.2767
32000000 25.2761
32010000 25.2782
32020000 25.28
32030000 25.28
32040000 25.279
32050000 25.2785
32060000 25.2795
32070000 25.2791
32080000 25.2796
32090000 25.2797
32100000 25.28
32110000 25.2787
32120000 25.2765
32130000 25.2742
32140000 25.2708
32150000 25.2687
32160000 25.2674
32170000 25.2664
32180000 25.2683
32190000 25.2675
32200000 25.2667
32210000 25.2638
32220000 25.2615
32230000 25.2595
32240000 25.2574
32250000 25.2559
32260000 25.2552
32270000 25.2553
32280000 25.2546
32290000 25.2544
32300000 25.2513
32310000 25.2482
32320000 25.2462
32330000 25.2451
32340000 25.2446
32350000 25.2456
32360000 25.243
32370000 25.2409
32380000 25.2396
32390000 25.2392
32400000 25.2368
32410000 25.2352
32420000 25.2344
32430000 25.2363
32440000 25.238
32450000 25.2387
32460000 25.2401
32470000 25.2418
32480000 25.2423
32490000 25.2417
32500000 25.2418
32510000 25.2415
32520000 25.2405
32530000 25.241
32540000 25.2397
32550000 25.2395
32560000 25.2395
32570000 25.239
32580000 25.2404
32590000 25.2415
32600000 25.2436
32610000 25.2451
32620000 25.2471
32630000 25.2467
32640000 25.2484
32650000 25.2508
32660000 25.2503
32670000 25.2497
32680000 25.2509
32690000 25.2511
32700000 25.2528
32710000 25.2525
32720000 25.2504
32730000 25.2495
32740000 25.2486
32750000 25.2465
32760000 25.2442
32770000 25.2423
32780000 25.241
32790000 25.2393
32800000 25.2369
32810000 25.237
32820000 25.2349
32830000 25.2332
32840000 25.2316
32850000 25.2282
32860000 25.2284
32870000 25.2264
32880000 25.2244
32890000 25.2237
32900000 25.2242
32910000 25.2262
32920000 25.2267
32930000 25.2263
32940000 25.2249
32950000 25.2241
32960000 25.2219
32970000 25.2221
32980000 25.2223
32990000 25.2218
33000000 25.2229
33010000 25.2229
33020000 25.2217
33030000 25.2226
33040000 25.2231
33050000 25.2229
33060000 25.2243
33070000 25.2264
33080000 25.2277
33090000 25.2288
33100000 25.2306
33110000 25.2327
33120000 25.2349
33130000 25.2357
33140000 25.2364
33150000 25.2342
33160000 25.234
33170000 25.2334
33180000 25.2313
33190000 25.2316
33200000 25.229
33210000 25.2279
33220000 25.2262
33230000 25.2249
33240000 25.2234
33250000 25.2213
33260000 25.221
33270000 25.2214
33280000 25.2235
33290000 25.2238
33300000 25.2255
33310000 25.2246
33320000 25.2243
33330000 25.2253
33340000 25.2231
33350000 25.2254
33360000 25.2261
33370000 25.2256
33380000 25.226
33390000 25.2242
33400000 25.2231
33410000 25.222
33420000 25.2205
33430000 25.2187
33440000 25.2149
33450000 25.2123
33460000 25.209
33470000 25.2054
33480000 25.2011
33490000 25.1982
33500000 25.1954
33510000 25.1907
33520000 25.1872
33530000 25.1841
33540000 25.1807
33550000 25.1762
33560000 25.1737
33570000 25.1728
33580000 25.1717
33590000 25.1709
33600000 25.172
33610000 25.1726
33620000 25.1728
33630000 25.1734
33640000 25.1749
33650000 25.1753
33660000 25.1749
33670000 25.1757
33680000 25.1758
33690000 25.1767
33700000 25.1769
33710000 25.1781
33720000 25.1788
33730000 25.1793
33740000 25.1785
33750000 25.1782
33760000 25.1753
33770000 25.1743
33780000 25.1751
33790000 25.1747
33800000 25.1755
33810000 25.1756
33820000 25.1746
33830000 25.1737
33840000 25.172
33850000 25.1723
33860000 25.1719
33870000 25.1706
33880000 25.1703
33890000 25.1711
33900000 25.1728
33910000 25.1725
33920000 25.1711
33930000 25.1708
33940000 25.1698
33950000 25.168
33960000 25.1657
33970000 25.165
33980000 25.1656
33990000 25.1631
34000000 25.1629
34010000 25.1633
34020000 25.164
34030000 25.1657
34040000 25.1656
34050000 25.1664
34060000 25.1683
34070000 25.167
34080000 25.169
34090000 25.1696
34100000 25.1696
34110000 25.1717
34120000 25.1742
34130000 25.1759
34140000 25.1785
34150000 25.1818
34160000 25.1827
34170000 25.1839
34180000 25.1845
34190000 25.1882
34200000 25.1905
34210000 25.1934
34220000 25.1953
34230000 25.1967
34240000 25.1971
34250000 25.1979
34260000 25.2005
34270000 25.2036
34280000 25.2076
34290000 25.2108
34300000 25.2144
34310000 25.2173
34320000 25.2195
34330000 25.2205
34340000 25.2236
34350000 25.2264
34360000 25.2283
34370000 25.2272
34380000 25.2267
34390000 25.2279
34400000 25.2278
34410000 25.2267
34420000 25.2266
34430000 25.2265
34440000 25.2283
34450000 25.2308
34460000 25.2322
34470000 25.2341
34480000 25.2366
34490000 25.2394
34500000 25.2395
34510000 25.2395
34520000 25.2404
34530000 25.242
34540000 25.2448
34550000 25.2473
34560000 25.2489
34570000 25.2519
34580000 25.2552
34590000 25.2578
34600000 25.259
34610000 25.2621
34620000 25.2638
34630000 25.2652
34640000 25.2659
34650000 25.2673
34660000 25.2683
34670000 25.2697
34680000 25.2714
34690000 25.2718
34700000 25.2722
34710000 25.2744
34720000 25.2755
34730000 25.2746
34740000 25.274
34750000 25.2746
34760000 25.2755
34770000 25.2752
34780000 25.2745
34790000 25.273
34800000 25.2727
34810000 25.2712
34820000 25.2718
34830000 25.274
34840000 25.2738
34850000 25.2734
34860000 25.2733
34870000 25.274
34880000 25.2726
34890000 25.2722
34900000 25.2725
34910000 25.2728
34920000 25.2731
34930000 25.2734
34940000 25.2728
34950000 25.2741
34960000 25.2747
34970000 25.275
34980000 25.2769
34990000 25.2788
35000000 25.2785
35010000 25.2773
35020000 25.2756
35030000 25.2762
35040000 25.2776
35050000 25.2773
35060000 25.2754
35070000 25.2754
35080000 25.2753
35090000 25.2747
35100000 25.2737
35110000 25.2742
35120000 25.2733
35130000 25.2722
35140000 25.271
35150000 25.2695
35160000 25.2706
35170000 25.2718
35180000 25.2694
35190000 25.269
35200000 25.2659
35210000 25.2667
35220000 25.2667
35230000 25.2674
35240000 25.2684
35250000 25.2686
35260000 25.2704
35270000 25.2713
35280000 25.2718
35290000 25.273
35300000 25.2755
35310000 25.2746
35320000 25.274
35330000 25.2726
35340000 25.2715
35350000 25.2694
35360000 25.2664
35370000 25.2639
35380000 25.2646
35390000 25.264
35400000 25.2637
35410000 25.2642
35420000 25.2613
35430000 25.2593
35440000 25.2572
35450000 25.255
35460000 25.2546
35470000 25.2538
35480000 25.2547
35490000 25.2554
35500000 25.2565
35510000 25.2548
35520000 25.2532
35530000 25.2516
35540000 25.251
35550000 25.2509
35560000 25.2511
35570000 25.2499
35580000 25.2521
35590000 25.2548
35600000 25.2553
35610000 25.2552
35620000 25.2561
35630000 25.2569
35640000 25.2571
35650000 25.258
35660000 25.2589
35670000 25.2622
35680000 25.2644
35690000 25.2667
35700000 25.2686
35710000 25.2709
35720000 25.2709
35730000 25.2691
35740000 25.2706
35750000 25.2704
35760000 25.2715
35770000 25.2737
35780000 25.2765
35790000 25.2796
35800000 25.2826
35810000 25.2851
35820000 25.2865
35830000 25.2883
35840000 25.2904
35850000 25.292
35860000 25.2926
35870000 25.2923
35880000 25.2917
35890000 25.2904
35900000 25.2916
35910000 25.2916
35920000 25.2909
35930000 25.2915
35940000 25.2916
35950000 25.2916
35960000 25.2906
35970000 25.2905
35980000 25.2912
35990000 25.2908
36000000 25.2904
36010000 25.2898
36020000 25.289
36030000 25.2871
36040000 25.2867
36050000 25.2841
36060000 25.282
36070000 25.282
36080000 25.2827
36090000 25.2824
36100000 25.2833
36110000 25.2841
36120000 25.2857
36130000 25.2866
36140000 25.2874
36150000 25.2876
36160000 25.2864
36170000 25.2859
36180000 25.2862
36190000 25.2879
36200000 25.2891
36210000 25.2903
36220000 25.2903
36230000 25.2905
36240000 25.2901
36250000 25.289
36260000 25.2893
36270000 25.2896
36280000 25.2912
36290000 25.2928
36300000 25.2955
36310000 25.298
36320000 25.2985
36330000 25.2994
36340000 25.3001
36350000 25.2994
36360000 25.2987
36370000 25.2982
36380000 25.2994
36390000 25.301
36400000 25.3015
36410000 25.3012
36420000 25.3028
36430000 25.3048
36440000 25.3068
36450000 25.3078
36460000 25.3097
36470000 25.3109
36480000 25.3105
36490000 25.3113
36500000 25.3117
36510000 25.3112
36520000 25.3101
36530000 25.3087
36540000 25.3089
36550000 25.3068
36560000 25.3063
36570000 25.3046
36580000 25.3027
36590000 25.3002
36600000 25.3004
36610000 25.3011
36620000 25.3006
36630000 25.2995
36640000 25.2978
36650000 25.296
36660000 25.296
36670000 25.2971
36680000 25.2983
36690000 25.2998
36700000 25.3008
36710000 25.3007
36720000 25.3029
36730000 25.3051
36740000 25.3069
36750000 25.3084
36760000 25.3094
36770000 25.3118
36780000 25.3142
36790000 25.3149
36800000 25.3185
36810000 25.322
36820000 25.3241
36830000 25.3259
36840000 25.3287
36850000 25.332
36860000 25.3351
36870000 25.3368
36880000 25.3403
36890000 25.3403
36900000 25.342
36910000 25.3442
36920000 25.3466
36930000 25.3493
36940000 25.3497
36950000 25.3514
36960000 25.3529
36970000 25.3534
36980000 25.3533
36990000 25.356
37000000 25.3578
37010000 25.3605
37020000 25.3626
37030000 25.3654
37040000 25.3686
37050000 25.3721
37060000 25.377
37070000 25.38
37080000 25.3826
37090000 25.3859
37100000 25.3906
37110000 25.394
37120000 25.3971
37130000 25.4006
37140000 25.4041
37150000 25.4088
37160000 25.4118
37170000 25.4139
37180000 25.4158
37190000 25.4166
37200000 25.4171
37210000 25.4184
37220000 25.4198
37230000 25.4188
37240000 25.4185
37250000 25.4164
37260000 25.4165
37270000 25.4159
37280000 25.4178
37290000 25.418
37300000 25.4204
37310000 25.4213
37320000 25.4231
37330000 25.4242
37340000 25.4256
37350000 25.426
37360000 25.4268
37370000 25.4279
37380000 25.43
37390000 25.4302
37400000 25.4311
37410000 25.4297
37420000 25.4284
37430000 25.4293
37440000 25.4319
37450000 25.4322
37460000 25.4325
37470000 25.4333
37480000 25.4341
37490000 25.434
37500000 25.4349
37510000 25.436
37520000 25.4389
37530000 25.4398
37540000 25.4417
37550000 25.4425
37560000 25.4441
37570000 25.4456
37580000 25.4482
37590000 25.4494
37600000 25.4495
37610000 25.448
37620000 25.4468
37630000 25.4441
37640000 25.4423
37650000 25.44
37660000 25.4387
37670000 25.4376
37680000 25.4356
37690000 25.4331
37700000 25.4321
37710000 25.4299
37720000 25.4296
37730000 25.4279
37740000 25.4267
37750000 25.423
37760000 25.4203
37770000 25.417
37780000 25.4148
37790000 25.4123
37800000 25.4107
37810000 25.4084
37820000 25.408
37830000 25.4063
37840000 25.406
37850000 25.4072
37860000 25.4068
37870000 25.4058
37880000 25.407
37890000 25.4071
37900000 25.4074
37910000 25.4069
37920000 25.409
37930000 25.4094
37940000 25.4108
37950000 25.4115
37960000 25.412
37970000 25.4121
37980000 25.4111
37990000 25.4096
38000000 25.4101
38010000 25.41
38020000 25.4089
38030000 25.4096
38040000 25.4099
38050000 25.4095
38060000 25.4097
38070000 25.4111
38080000 25.414
38090000 25.4147
38100000 25.416
38110000 25.4162
38120000 25.4178
38130000 25.4199
38140000 25.422
38150000 25.4243
38160000 25.4268
38170000 25.4277
38180000 25.4277
38190000 25.4266
38200000 25.4253
38210000 25.4237
38220000 25.4222
38230000 25.4211
38240000 25.4205
38250000 25.4204
38260000 25.4207
38270000 25.4211
38280000 25.4212
38290000 25.4198
38300000 25.4187
38310000 25.4187
38320000 25.4189
38330000 25.4176
38340000 25.4168
38350000 25.4159
38360000 25.4151
38370000 25.4139
38380000 25.4147
38390000 25.416
38400000 25.4168
38410000 25.4161
38420000 25.4171
38430000 25.4192
38440000 25.4195
38450000 25.4207
38460000 25.4213
38470000 25.4209
38480000 25.421
38490000 25.42
38500000 25.4211
38510000 25.4222
38520000 25.4248
38530000 25.4263
38540000 25.4274
38550000 25.4292
38560000 25.4301
38570000 25.4314
38580000 25.4308
38590000 25.4309
38600000 25.4309
38610000 25.4324
38620000 25.4335
38630000 25.4314
38640000 25.431
38650000 25.4312
38660000 25.4318
38670000 25.4323
38680000 25.4313
38690000 25.4321
38700000 25.4325
38710000 25.4338
38720000 25.4342
38730000 25.4344
38740000 25.4356
38750000 25.4356
38760000 25.4366
38770000 25.4381
38780000 25.4398
38790000 25.4411
38800000 25.4415
38810000 25.443
38820000 25.4436
38830000 25.4445
38840000 25.4445
38850000 25.4442
38860000 25.444
38870000 25.445
38880000 25.446
38890000 25.4461
38900000 25.4454
38910000 25.4441
38920000 25.4448
38930000 25.4458
38940000 25.4447
38950000 25.4446
38960000 25.4454
38970000 25.4456
38980000 25.4446
38990000 25.4454
39000000 25.4459
39010000 25.4448
39020000 25.4449
39030000 25.4445
39040000 25.4448
39050000 25.4461
39060000 25.4466
39070000 25.4485
39080000 25.4513
39090000 25.454
39100000 25.4551
39110000 25.4572
39120000 25.4609
39130000 25.4645
39140000 25.4658
39150000 25.466
39160000 25.4671
39170000 25.4697
39180000 25.4715
39190000 25.4733
39200000 25.476
39210000 25.4781
39220000 25.4804
39230000 25.4824
39240000 25.4849
39250000 25.4869
39260000 25.4903
39270000 25.4934
39280000 25.4967
39290000 25.4989
39300000 25.5027
39310000 25.5053
39320000 25.5075
39330000 25.5098
39340000 25.5103
39350000 25.5116
39360000 25.5134
39370000 25.515
39380000 25.5163
39390000 25.5174
39400000 25.518
39410000 25.5175
39420000 25.5191
39430000 25.5204
39440000 25.5217
39450000 25.52
39460000 25.5201
39470000 25.5192
39480000 25.5195
39490000 25.5207
39500000 25.5197
39510000 25.5185
39520000 25.5172
39530000 25.5164
39540000 25.5167
39550000 25.5157
39560000 25.5149
39570000 25.514
39580000 25.5141
39590000 25.5124
39600000 25.5124
39610000 25.5119
39620000 25.5124
39630000 25.5122
39640000 25.5135
39650000 25.5139
39660000 25.5133
39670000 25.5136
39680000 25.5143
39690000 25.515
39700000 25.5153
39710000 25.518
39720000 25.5207
39730000 25.5191
39740000 25.5195
39750000 25.5185
39760000 25.519
39770000 25.5189
39780000 25.5184
39790000 25.5182
39800000 25.5176
39810000 25.517
39820000 25.5173
39830000 25.5174
39840000 25.5188
39850000 25.5222
39860000 25.5258
39870000 25.5279
39880000 25.5313
39890000 25.5333
39900000 25.5336
39910000 25.534
39920000 25.5346
39930000 25.534
39940000 25.5331
39950000 25.5335
39960000 25.5348
39970000 25.5341
39980000 25.5335
39990000 25.5329
40000000 25.5342
40010000 25.536
40020000 25.5368
40030000 25.5386
40040000 25.5396
40050000 25.5407
40060000 25.5417
40070000 25.5424
40080000 25.5423
40090000 25.5416
40100000 25.5399
40110000 25.5401
40120000 25.5398
40130000 25.5401
40140000 25.541
40150000 25.5415
40160000 25.5418
40170000 25.5414
40180000 25.5395
40190000 25.5391
40200000 25.5377
40210000 25.538
40220000 25.5357
40230000 25.5341
40240000 25.533
40250000 25.5323
40260000 25.532
40270000 25.5317
40280000 25.5321
40290000 25.532
40300000 25.5298
40310000 25.5277
40320000 25.5258
40330000 25.5236
40340000 25.522
40350000 25.5208
40360000 25.5189
40370000 25.5157
40380000 25.5131
40390000 25.512
40400000 25.5114
40410000 25.5104
40420000 25.5096
40430000 25.5093
40440000 25.5076
40450000 25.5058
40460000 25.5052
40470000 25.5025
40480000 25.5016
40490000 25.5013
40500000 25.4996
40510000 25.4982
40520000 25.4964
40530000 25.4961
40540000 25.4948
40550000 25.4929
40560000 25.4909
40570000 25.4894
40580000 25.4893
40590000 25.49
40600000 25.4886
40610000 25.486
40620000 25.4842
40630000 25.4835
40640000 25.4839
40650000 25.4833
40660000 25.481
40670000 25.4793
40680000 25.4794
40690000 25.48
40700000 25.4816
40710000 25.4805
40720000 25.4803
40730000 25.4794
40740000 25.4787
40750000 25.4809
40760000 25.4796
40770000 25.4794
40780000 25.4805
40790000 25.4816
40800000 25.4836
40810000 25.4846
40820000 25.4866
40830000 25.4872
40840000 25.4886
40850000 25.4894
40860000 25.4903
40870000 25.4915
40880000 25.4919
40890000 25.4934
40900000 25.4935
40910000 25.4942
40920000 25.494
40930000 25.495
40940000 25.4974
40950000 25.4981
40960000 25.5002
40970000 25.5025
40980000 25.5028
40990000 25.5041
41000000 25.5051
41010000 25.5049
41020000 25.5058
41030000 25.5074
41040000 25.5086
41050000 25.5096
41060000 25.5092
41070000 25.5101
41080000 25.5085
41090000 25.5095
41100000 25.5096
41110000 25.5091
41120000 25.5071
41130000 25.5057
41140000 25.503
41150000 25.5019
41160000 25.5014
41170000 25.5003
41180000 25.499
41190000 25.499
41200000 25.4994
41210000 25.5005
41220000 25.5007
41230000 25.501
41240000 25.5002
41250000 25.5017
41260000 25.5024
41270000 25.5046
41280000 25.5064
41290000 25.5092
41300000 25.5116
41310000 25.5134
41320000 25.514
41330000 25.516
41340000 25.5185
41350000 25.5198
41360000 25.5199
41370000 25.5199
41380000 25.5186
41390000 25.5164
41400000 25.5158
41410000 25.5148
41420000 25.5135
41430000 25.5146
41440000 25.5141
41450000 25.5124
41460000 25.5119
41470000 25.5117
41480000 25.5117
41490000 25.511
41500000 25.5078
41510000 25.5059
41520000 25.5037
41530000 25.5012
41540000 25.4995
41550000 25.4985
41560000 25.4979
41570000 25.4959
41580000 25.4959
41590000 25.495
41600000 25.4948
41610000 25.4933
41620000 25.4924
41630000 25.4908
41640000 25.4902
41650000 25.4899
41660000 25.4903
41670000 25.4892
41680000 25.4883
41690000 25.4868
41700000 25.487
41710000 25.4871
41720000 25.4875
41730000 25.4866
41740000 25.4861
41750000 25.4879
41760000 25.4881
41770000 25.4877
41780000 25.4874
41790000 25.4858
41800000 25.4844
41810000 25.4837
41820000 25.4832
41830000 25.4828
41840000 25.481
41850000 25.48
41860000 25.4802
41870000 25.4809
41880000 25.4814
41890000 25.4814
41900000 25.482
41910000 25.4817
41920000 25.4804
41930000 25.4793
41940000 25.4778
41950000 25.4762
41960000 25.4744
41970000 25.4737
41980000 25.4723
41990000 25.4704
42000000 25.4695
42010000 25.4692
42020000 25.47
42030000 25.4709
42040000 25.4717
42050000 25.4717
42060000 25.4724
42070000 25.4744
42080000 25.4745
42090000 25.4738
42100000 25.4744
42110000 25.4748
42120000 25.4748
42130000 25.4737
42140000 25.4733
42150000 25.4731
42160000 25.4724
42170000 25.4733
42180000 25.4737
42190000 25.4735
42200000 25.4735
42210000 25.4737
42220000 25.4723
42230000 25.4729
42240000 25.4734
42250000 25.4725
42260000 25.4703
42270000 25.47
42280000 25.4695
42290000 25.47
42300000 25.469
42310000 25.4688
42320000 25.4674
42330000 25.467
42340000 25.4669
42350000 25.4668
42360000 25.4647
42370000 25.4631
42380000 25.4615
42390000 25.4617
42400000 25.4606
42410000 25.4599
42420000 25.4576
42430000 25.4555
42440000 25.4552
42450000 25.4553
42460000 25.4548
42470000 25.4531
42480000 25.4529
42490000 25.4525
42500000 25.451
42510000 25.4509
42520000 25.4514
42530000 25.4522
42540000 25.4522
42550000 25.4524
42560000 25.4526
42570000 25.4541
42580000 25.4548
42590000 25.4551
42600000 25.4558
42610000 25.4564
42620000 25.4576
42630000 25.4578
42640000 25.4576
42650000 25.4578
42660000 25.4585
42670000 25.4584
42680000 25.4593
42690000 25.459
42700000 25.4599
42710000 25.4603
42720000 25.4603
42730000 25.4597
42740000 25.4591
42750000 25.4582
42760000 25.4581
42770000 25.4581
42780000 25.4594
42790000 25.4591
42800000 25.4596
42810000 25.4614
42820000 25.4625
42830000 25.4643
42840000 25.4651
42850000 25.4666
42860000 25.468
42870000 25.4681
42880000 25.4678
42890000 25.4685
42900000 25.4691
42910000 25.4702
42920000 25.4707
42930000 25.4723
42940000 25.4727
42950000 25.4737
42960000 25.4754
42970000 25.4773
42980000 25.479
42990000 25.4814
43000000 25.4841
43010000 25.486
43020000 25.487
43030000 25.4879
43040000 25.4897
43050000 25.4916
43060000 25.4939
43070000 25.494
43080000 25.495
43090000 25.4961
43100000 25.4966
43110000 25.4984
43120000 25.4999
43130000 25.501
43140000 25.5019
43150000 25.5025
43160000 25.5026
43170000 25.5032
43180000 25.5046
43190000 25.5049
43200000 25.5069
43210000 25.5072
43220000 25.5087
43230000 25.5104
43240000 25.5119
43250000 25.5133
43260000 25.5147
43270000 25.5145
43280000 25.514
43290000 25.5137
43300000 25.5139
43310000 25.5148
43320000 25.5138
43330000 25.5126
43340000 25.513
43350000 25.5131
43360000 25.5131
43370000 25.5136
43380000 25.5163
43390000 25.5183
43400000 25.5208
43410000 25.5212
43420000 25.5246
43430000 25.527
43440000 25.5288
43450000 25.5323
43460000 25.5357
43470000 25.5364
43480000 25.5378
43490000 25.5395
43500000 25.5425
43510000 25.5448
43520000 25.546
43530000 25.5477
43540000 25.5496
43550000 25.5516
43560000 25.5538
43570000 25.5549
43580000 25.5567
43590000 25.5581
43600000 25.5588
43610000 25.5597
43620000 25.5602
43630000 25.5605
43640000 25.5619
43650000 25.5645
43660000 25.5659
43670000 25.5674
43680000 25.5685
43690000 25.5684
43700000 25.5678
43710000 25.5675
43720000 25.5671
43730000 25.568
43740000 25.5687
43750000 25.5684
43760000 25.568
43770000 25.5675
43780000 25.5672
43790000 25.5674
43800000 25.5673
43810000 25.5687
43820000 25.5697
43830000 25.5699
43840000 25.5716
43850000 25.5721
43860000 25.5729
43870000 25.5735
43880000 25.5732
43890000 25.5744
43900000 25.5748
43910000 25.5743
43920000 25.574
43930000 25.5737
43940000 25.5746
43950000 25.5732
43960000 25.5719
43970000 25.5711
43980000 25.5694
43990000 25.5691
44000000 25.569
44010000 25.5684
44020000 25.5684
44030000 25.5674
44040000 25.5661
44050000 25.5647
44060000 25.5635
44070000 25.5623
44080000 25.561
44090000 25.5606
44100000 25.5592
44110000 25.5588
44120000 25.5592
44130000 25.5601
44140000 25.5607
44150000 25.5616
44160000 25.5627
44170000 25.563
44180000 25.565
44190000 25.5663
44200000 25.5668
44210000 25.5674
44220000 25.5663
44230000 25.5662
44240000 25.5672
44250000 25.5683
44260000 25.5698
44270000 25.5695
44280000 25.5691
44290000 25.5705
44300000 25.5701
44310000 25.5705
44320000 25.5705
44330000 25.5697
44340000 25.5685
44350000 25.568
44360000 25.568
44370000 25.5682
44380000 25.5683
44390000 25.5683
44400000 25.5684
44410000 25.5674
44420000 25.5682
44430000 25.5689
44440000 25.5699
44450000 25.5691
44460000 25.5691
44470000 25.5692
44480000 25.5679
44490000 25.568
44500000 25.5682
44510000 25.5682
44520000 25.5671
44530000 25.5672
44540000 25.568
44550000 25.5674
44560000 25.5657
44570000 25.5643
44580000 25.5615
44590000 25.56
44600000 25.5579
44610000 25.5585
44620000 25.5575
44630000 25.557
44640000 25.5569
44650000 25.5553
44660000 25.5549
44670000 25.5545
44680000 25.5519
44690000 25.5515
44700000 25.55
44710000 25.5494
44720000 25.5482
44730000 25.5473
44740000 25.5468
44750000 25.5458
44760000 25.5438
44770000 25.5445
44780000 25.5455
44790000 25.5439
44800000 25.543
44810000 25.5426
44820000 25.5403
44830000 25.5399
44840000 25.5388
44850000 25.5354
44860000 25.5343
44870000 25.5353
44880000 25.5367
44890000 25.5372
44900000 25.5375
44910000 25.5382
44920000 25.5374
44930000 25.5366
44940000 25.5357
44950000 25.5355
44960000 25.5357
44970000 25.5371
44980000 25.5378
44990000 25.5379
45000000 25.5382
45010000 25.539
45020000 25.5397
45030000 25.5411
45040000 25.542
45050000 25.5441
45060000 25.546
45070000 25.5462
45080000 25.5473
45090000 25.5485
45100000 25.5495
45110000 25.5505
45120000 25.5528
45130000 25.553
45140000 25.5529
45150000 25.5547
45160000 25.5571
45170000 25.558
45180000 25.5596
45190000 25.5611
45200000 25.5615
45210000 25.5614
45220000 25.5624
45230000 25.5627
45240000 25.5635
45250000 25.5629
45260000 25.5612
45270000 25.5605
45280000 25.5606
45290000 25.5597
45300000 25.5584
45310000 25.5573
45320000 25.5563
45330000 25.555
45340000 25.5537
45350000 25.553
45360000 25.5525
45370000 25.552
45380000 25.5512
45390000 25.5514
45400000 25.5509
45410000 25.5499
45420000 25.5489
45430000 25.5499
45440000 25.5491
45450000 25.5489
45460000 25.5475
45470000 25.5462
45480000 25.5451
45490000 25.5451
45500000 25.5449
45510000 25.5447
45520000 25.5449
45530000 25.5441
45540000 25.543
45550000 25.5437
45560000 25.5437
45570000 25.5433
45580000 25.5442
45590000 25.5443
45600000 25.545
45610000 25.5448
45620000 25.5454
45630000 25.5458
45640000 25.5483
45650000 25.5492
45660000 25.5499
45670000 25.5512
45680000 25.553
45690000 25.5541
45700000 25.5545
45710000 25.5548
45720000 25.5533
45730000 25.5534
45740000 25.5531
45750000 25.5529
45760000 25.5527
45770000 25.5525
45780000 25.5509
45790000 25.5481
45800000 25.5467
45810000 25.5474
45820000 25.5467
45830000 25.5456
45840000 25.5446
45850000 25.5447
45860000 25.5443
45870000 25.5436
45880000 25.5445
45890000 25.5466
45900000 25.5488
45910000 25.5484
45920000 25.5483
45930000 25.5485
45940000 25.5496
45950000 25.5499
45960000 25.5517
45970000 25.5531
45980000 25.5526
45990000 25.5534
46000000 25.5526
46010000 25.5529
46020000 25.5527
46030000 25.5521
46040000 25.5512
46050000 25.5506
46060000 25.5502
46070000 25.5527
46080000 25.5534
46090000 25.5524
46100000 25.5534
46110000 25.554
46120000 25.5545
46130000 25.5554
46140000 25.5565
46150000 25.5557
46160000 25.5546
46170000 25.5534
46180000 25.5531
46190000 25.5524
46200000 25.5524
46210000 25.5517
46220000 25.5518
46230000 25.5502
46240000 25.5508
46250000 25.551
46260000 25.5519
46270000 25.5514
46280000 25.5527
46290000 25.5525
46300000 25.5523
46310000 25.5524
46320000 25.5516
46330000 25.5487
46340000 25.5483
46350000 25.5492
46360000 25.5501
46370000 25.5509
46380000 25.5502
46390000 25.5503
46400000 25.5514
46410000 25.5515
46420000 25.5511
46430000 25.5518
46440000 25.5525
46450000 25.5528
46460000 25.5532
46470000 25.5527
46480000 25.5534
46490000 25.5534
46500000 25.5541
46510000 25.5549
46520000 25.5548
46530000 25.5554
46540000 25.5551
46550000 25.5552
46560000 25.5557
46570000 25.5568
46580000 25.5593
46590000 25.5616
46600000 25.5629
46610000 25.5649
46620000 25.5677
46630000 25.57
46640000 25.5718
46650000 25.5722
46660000 25.5727
46670000 25.5743
46680000 25.5753
46690000 25.5756
46700000 25.5766
46710000 25.5762
46720000 25.5758
46730000 25.5759
46740000 25.5758
46750000 25.5762
46760000 25.575
46770000 25.5752
46780000 25.5735
46790000 25.5727
46800000 25.5703
46810000 25.5668
46820000 25.5639
46830000 25.5605
46840000 25.56
46850000 25.5598
46860000 25.5592
46870000 25.5596
46880000 25.5587
46890000 25.559
46900000 25.559
46910000 25.5594
46920000 25.5604
46930000 25.5601
46940000 25.5613
46950000 25.5628
46960000 25.5646
46970000 25.5667
46980000 25.567
46990000 25.5687
47000000 25.5696
47010000 25.569
47020000 25.5691
47030000 25.5691
47040000 25.569
47050000 25.5702
47060000 25.5697
47070000 25.5684
47080000 25.5679
47090000 25.5684
47100000 25.5694
47110000 25.5712
47120000 25.5723
47130000 25.5729
47140000 25.5746
47150000 25.5761
47160000 25.5766
47170000 25.5779
47180000 25.5789
47190000 25.5798
47200000 25.5786
47210000 25.577
47220000 25.5774
47230000 25.5764
47240000 25.5759
47250000 25.5747
47260000 25.5739
47270000 25.5728
47280000 25.5719
47290000 25.5709
47300000 25.5706
47310000 25.5689
47320000 25.5663
47330000 25.5648
47340000 25.5641
47350000 25.5641
47360000 25.5626
47370000 25.5628
47380000 25.5619
47390000 25.5615
47400000 25.5611
47410000 25.5594
47420000 25.5587
47430000 25.5565
47440000 25.5546
47450000 25.5532
47460000 25.5519
47470000 25.5515
47480000 25.5509
47490000 25.5514
47500000 25.5514
47510000 25.5507
47520000 25.5497
47530000 25.5493
47540000 25.5491
47550000 25.5483
47560000 25.5477
47570000 25.547
47580000 25.5475
47590000 25.5486
47600000 25.5495
47610000 25.5494
47620000 25.5493
47630000 25.5496
47640000 25.5503
47650000 25.5524
47660000 25.5522
47670000 25.5536
47680000 25.5555
47690000 25.5577
47700000 25.56
47710000 25.5622
47720000 25.5639
47730000 25.566
47740000 25.5686
47750000 25.5701
47760000 25.5704
47770000 25.5709
47780000 25.5717
47790000 25.5708
47800000 25.5697
47810000 25.5694
47820000 25.5703
47830000 25.5709
47840000 25.5709
47850000 25.5714
47860000 25.572
47870000 25.5728
47880000 25.5732
47890000 25.5731
47900000 25.5733
47910000 25.5753
47920000 25.5777
47930000 25.5795
47940000 25.5816
47950000 25.583
47960000 25.5846
47970000 25.5866
47980000 25.5877
47990000 25.5875
48000000 25.588
48010000 25.59
48020000 25.5921
48030000 25.5934
48040000 25.5963
48050000 25.598
48060000 25.6007
48070000 25.6014
48080000 25.6035
48090000 25.6049
48100000 25.6078
48110000 25.6099
48120000 25.6134
48130000 25.6159
48140000 25.6167
48150000 25.6181
48160000 25.6189
48170000 25.6202
48180000 25.6218
48190000 25.6224
48200000 25.6242
48210000 25.6258
48220000 25.627
48230000 25.6275
48240000 25.6278
48250000 25.6282
48260000 25.6289
48270000 25.629
48280000 25.6291
48290000 25.6286
48300000 25.6286
48310000 25.6289
48320000 25.6295
48330000 25.6291
48340000 25.6286
48350000 25.6288
48360000 25.6292
48370000 25.6295
48380000 25.6308
48390000 25.6316
48400000 25.6327
48410000 25.6321
48420000 25.6313
48430000 25.6297
48440000 25.6285
48450000 25.6267
48460000 25.6269
48470000 25.6271
48480000 25.6273
48490000 25.6279
48500000 25.6279
48510000 25.6273
48520000 25.6285
48530000 25.6292
48540000 25.6301
48550000 25.6308
48560000 25.6321
48570000 25.6323
48580000 25.6332
48590000 25.6352
48600000 25.6366
48610000 25.6386
48620000 25.641
48630000 25.6437
48640000 25.6459
48650000 25.6481
48660000 25.6502
48670000 25.6514
48680000 25.6538
48690000 25.6545
48700000 25.656
48710000 25.6572
48720000 25.6582
48730000 25.6593
48740000 25.6602
48750000 25.6619
48760000 25.6634
48770000 25.6654
48780000 25.6679
48790000 25.6721
48800000 25.6743
48810000 25.6745
48820000 25.6739
48830000 25.673
48840000 25.6724
48850000 25.6733
48860000 25.6746
48870000 25.6748
48880000 25.6763
48890000 25.6775
48900000 25.6791
48910000 25.6817
48920000 25.6835
48930000 25.6847
48940000 25.6863
48950000 25.6863
48960000 25.6872
48970000 25.6884
48980000 25.6904
48990000 25.694
49000000 25.6955
49010000 25.6986
49020000 25.7009
49030000 25.7028
49040000 25.7054
49050000 25.7075
49060000 25.7094
49070000 25.7099
49080000 25.7104
49090000 25.7113
49100000 25.7118
49110000 25.7116
49120000 25.712
49130000 25.7126
49140000 25.7144
49150000 25.7153
49160000 25.7158
49170000 25.7182
49180000 25.7198
49190000 25.7213
49200000 25.7218
49210000 25.7222
49220000 25.7221
49230000 25.7228
49240000 25.7234
49250000 25.7254
49260000 25.7271
49270000 25.7286
49280000 25.7284
49290000 25.7283
49300000 25.7297
49310000 25.7313
49320000 25.7329
49330000 25.7336
49340000 25.7334
49350000 25.7337
49360000 25.7337
49370000 25.7335
49380000 25.7353
49390000 25.7364
49400000 25.7362
49410000 25.737
49420000 25.7379
49430000 25.7395
49440000 25.74
49450000 25.7409
49460000 25.743
49470000 25.7436
49480000 25.7447
49490000 25.7455
49500000 25.7463
49510000 25.7487
49520000 25.7483
49530000 25.7493
49540000 25.7509
49550000 25.7515
49560000 25.7544
49570000 25.7553
49580000 25.7565
49590000 25.7577
49600000 25.7582
49610000 25.7599
49620000 25.7598
49630000 25.7616
49640000 25.764
49650000 25.7644
49660000 25.7642
49670000 25.7639
49680000 25.7644
49690000 25.7634
49700000 25.7639
49710000 25.7637
49720000 25.7641
49730000 25.7653
49740000 25.7666
49750000 25.767
49760000 25.7675
49770000 25.7671
49780000 25.7686
49790000 25.7697
49800000 25.7703
49810000 25.7703
49820000 25.771
49830000 25.7723
49840000 25.7713
49850000 25.7698
49860000 25.7702
49870000 25.7693
49880000 25.7683
49890000 25.766
49900000 25.765
49910000 25.7632
49920000 25.7625
49930000 25.7622
49940000 25.7628
49950000 25.7627
49960000 25.7628
49970000 25.7637
49980000 25.7642
49990000 25.7639
50000000 25.7629
