CT--CT--C_2--O_2    3.107    -3.776   -5.138     5.807   3.059  -3.632   -5.175   5.613
O_2--C_2--CT--HC    0.000     0.000    0.000     0.000   0.000   0.000    0.000   0.000
OS--C_2--CT--CT    -1.152    -3.456    0.000     4.608  -1.885  -4.948    2.623   4.128
OS--C_2--CT--HC     0.275     0.825    0.000    -1.100   0.175   0.717   -0.009  -0.936
CT--OS--C_2--O_2   21.350     0.000  -21.350     0.000  22.829   0.000  -24.007   0.000
CT--OS--C_2--CT    31.077    -9.727  -21.350     0.000  32.597  -6.525  -24.007   0.000
C_2--CT--CT--CT    -4.234     7.222    1.908    -4.895  -6.015   8.730    2.625  -5.205
C_2--CT--CT--HC    -0.159    -0.477    0.000     0.636  -0.731  -1.848   -0.073   2.470
CT--CT--CT--CT      2.917    -1.458    0.208    -1.667   0.519  -0.230    0.897  -1.491
CT--CT--CT--HC      0.625     1.875    0.000    -2.500   0.625   1.875    0.000  -2.500
HC--CT--CT--HC      0.625     1.875    0.000    -2.500   0.625   1.875    0.000  -2.500
CT--CT--OS--C_2    -2.188     5.179    0.525    -3.517  -7.059   7.546    5.224  -5.221
C_2--OS--CT--HC     0.413     1.238    0.000    -1.650   0.413   1.238    0.000  -1.650
CT--CT--CT--OS      2.874     0.582    2.092    -5.548   2.672   1.595    4.285  -8.427
