CT--CT--C_2--O_2       0       0       0       0   3.059  -3.632  -5.175   5.613
O_2--C_2--CT--HC       0       0       0       0       0       0       0       0
OS--C_2--CT--CT   -1.152  -3.456       0   4.608  -1.885  -4.948   2.623   4.128
OS--C_2--CT--HC    0.275   0.825       0    -1.1   0.175   0.717  -0.009  -0.936
CT--OS--C_2--O_2   21.35       0  -21.35       0  22.829       0 -24.007       0
CT--OS--C_2--CT   31.077  -9.727  -21.35       0  32.597  -6.525 -24.007       0
C_2--CT--CT--CT    -4.94    6.26   1.304  -2.625  -6.015    8.73   2.625  -5.205
C_2--CT--CT--HC   -0.208  -0.625       0   0.833  -0.731  -1.848  -0.073    2.47
CT--CT--CT--CT     2.917  -1.458   0.208  -1.667   0.519   -0.23   0.897  -1.491
CT--CT--CT--HC     0.625   1.875       0    -2.5   0.625   1.875       0    -2.5
HC--CT--CT--HC     0.625   1.875       0    -2.5   0.625   1.875       0    -2.5
CT--CT--OS--C_2   -2.188   5.179   0.525  -3.517  -7.059   7.546   5.224  -5.221
C_2--OS--CT--HC    0.413   1.238       0   -1.65   0.413   1.238       0   -1.65
CT--CT--CT--OS     2.917  -1.458   0.208  -1.667   2.672   1.595   4.285  -8.427
