  1   0.742500  -0.902500 -1.228000  1.388000       0
  2   0.000000   0.000000  0.000000  0.000000       0
  3  -0.276501  -0.829500  0.000000  1.105999       0
  4   0.066001   0.198002  0.000000 -0.264001       0
  5   5.123999   0.000000 -5.123999  0.000000       0
  6   7.458501  -2.334498 -5.123999  0.000000       0
  7  -1.012000   1.726001  0.455999 -1.170000       0
  8  -0.038000  -0.114001  0.000000  0.151998       0
  9   0.700000  -0.350000  0.050000 -0.400000       0
 10   0.150000   0.450000  0.000000 -0.600000       0
 11   0.150000   0.450000  0.000000 -0.600000       0
 12  -0.525000   1.243000  0.126001 -0.844001       0
 13   0.098999   0.297000  0.000000 -0.395999       0
 14   0.687000   0.139001  0.500000 -1.326001       0



