# Time-averaged data for fix averho
# TimeStep v_rho
100000 1.00203
110000 1.00304
120000 1.0029
130000 1.0038
140000 1.00397
150000 1.00457
160000 1.00521
170000 1.00554
180000 1.006
190000 1.00646
200000 1.007
210000 1.00728
220000 1.00748
230000 1.00784
240000 1.00818
250000 1.00844
260000 1.00868
270000 1.00883
280000 1.00898
290000 1.00911
300000 1.00919
310000 1.00939
320000 1.0095
330000 1.0097
340000 1.00996
350000 1.01011
360000 1.01024
370000 1.01036
380000 1.01045
390000 1.01059
400000 1.01073
410000 1.01079
420000 1.0109
430000 1.01102
440000 1.01109
450000 1.01114
460000 1.01117
470000 1.01126
480000 1.01133
490000 1.01137
500000 1.01138
510000 1.01143
520000 1.01148
530000 1.01151
540000 1.01152
550000 1.0116
560000 1.01166
570000 1.01165
580000 1.01168
590000 1.01169
600000 1.01173
610000 1.01179
620000 1.01189
630000 1.01195
640000 1.01203
650000 1.01208
660000 1.01215
670000 1.01221
680000 1.01225
690000 1.01222
700000 1.01219
710000 1.01225
720000 1.01228
730000 1.01234
740000 1.0124
750000 1.01246
760000 1.01253
770000 1.01259
780000 1.01261
790000 1.01263
800000 1.01265
810000 1.01271
820000 1.01276
830000 1.01277
840000 1.01281
850000 1.01284
860000 1.01287
870000 1.01289
880000 1.01294
890000 1.01296
900000 1.01299
910000 1.01303
920000 1.01308
930000 1.01315
940000 1.01321
950000 1.01327
960000 1.01332
970000 1.01337
980000 1.01343
990000 1.0135
1000000 1.01357
1010000 1.01365
1020000 1.0137
1030000 1.01377
1040000 1.01383
1050000 1.01391
1060000 1.01396
1070000 1.014
1080000 1.01404
1090000 1.01407
1100000 1.01409
1110000 1.01413
1120000 1.01416
1130000 1.01422
1140000 1.01427
1150000 1.01433
1160000 1.01436
1170000 1.01439
1180000 1.01443
1190000 1.01445
1200000 1.01446
1210000 1.01448
1220000 1.01453
1230000 1.01459
1240000 1.01467
1250000 1.01473
1260000 1.01478
1270000 1.01484
1280000 1.01489
1290000 1.01495
1300000 1.01501
1310000 1.01507
1320000 1.01512
1330000 1.01515
1340000 1.01516
1350000 1.01517
1360000 1.01519
1370000 1.01521
1380000 1.01524
1390000 1.01529
1400000 1.01533
1410000 1.01537
1420000 1.0154
1430000 1.01545
1440000 1.01547
1450000 1.0155
1460000 1.01554
1470000 1.0156
1480000 1.01566
1490000 1.01573
1500000 1.01578
1510000 1.01584
1520000 1.01589
1530000 1.01595
1540000 1.016
1550000 1.01604
1560000 1.01609
1570000 1.01615
1580000 1.0162
1590000 1.01622
1600000 1.01624
1610000 1.01626
1620000 1.01627
1630000 1.01628
1640000 1.01629
1650000 1.01631
1660000 1.01633
1670000 1.01636
1680000 1.0164
1690000 1.01644
1700000 1.01647
1710000 1.01649
1720000 1.01652
1730000 1.01654
1740000 1.01657
1750000 1.01661
1760000 1.01666
1770000 1.0167
1780000 1.01672
1790000 1.01674
1800000 1.01674
1810000 1.01677
1820000 1.01677
1830000 1.01679
1840000 1.01682
1850000 1.01684
1860000 1.01687
1870000 1.01691
1880000 1.01694
1890000 1.01696
1900000 1.01699
1910000 1.01702
1920000 1.01705
1930000 1.01706
1940000 1.01708
1950000 1.01709
1960000 1.01712
1970000 1.01714
1980000 1.01717
1990000 1.0172
2000000 1.01722
2010000 1.01723
2020000 1.01724
2030000 1.01726
2040000 1.01728
2050000 1.01729
2060000 1.0173
2070000 1.0173
2080000 1.01731
2090000 1.01731
2100000 1.01733
2110000 1.01734
2120000 1.01735
2130000 1.01736
2140000 1.01737
2150000 1.01739
2160000 1.01741
2170000 1.01742
2180000 1.01742
2190000 1.01742
2200000 1.01743
2210000 1.01744
2220000 1.01744
2230000 1.01746
2240000 1.01747
2250000 1.01749
2260000 1.01751
2270000 1.01752
2280000 1.01753
2290000 1.01753
2300000 1.01754
2310000 1.01755
2320000 1.01757
2330000 1.01758
2340000 1.01759
2350000 1.01761
2360000 1.01763
2370000 1.01766
2380000 1.01767
2390000 1.01769
2400000 1.01771
2410000 1.01771
2420000 1.01771
2430000 1.01772
2440000 1.01772
2450000 1.01773
2460000 1.01774
2470000 1.01774
2480000 1.01775
2490000 1.01775
2500000 1.01775
2510000 1.01776
2520000 1.01777
2530000 1.01778
2540000 1.0178
2550000 1.01782
2560000 1.01783
2570000 1.01784
2580000 1.01785
2590000 1.01786
2600000 1.01788
2610000 1.01789
2620000 1.0179
2630000 1.0179
2640000 1.01791
2650000 1.01792
2660000 1.01794
2670000 1.01795
2680000 1.01796
2690000 1.01797
2700000 1.01798
2710000 1.01799
2720000 1.01801
2730000 1.01801
2740000 1.01801
2750000 1.01801
2760000 1.01801
2770000 1.01802
2780000 1.01802
2790000 1.01802
2800000 1.01802
2810000 1.01803
2820000 1.01804
2830000 1.01806
2840000 1.01808
2850000 1.01809
2860000 1.01811
2870000 1.01812
2880000 1.01813
2890000 1.01814
2900000 1.01816
2910000 1.01818
2920000 1.01819
2930000 1.01819
2940000 1.0182
2950000 1.01822
2960000 1.01823
2970000 1.01824
2980000 1.01826
2990000 1.01826
3000000 1.01826
3010000 1.01827
3020000 1.01827
3030000 1.01828
3040000 1.01829
3050000 1.0183
3060000 1.01831
3070000 1.01833
3080000 1.01835
3090000 1.01836
3100000 1.01838
3110000 1.0184
3120000 1.01842
3130000 1.01843
3140000 1.01844
3150000 1.01844
3160000 1.01846
3170000 1.01848
3180000 1.01849
3190000 1.01851
3200000 1.01852
3210000 1.01853
3220000 1.01854
3230000 1.01855
3240000 1.01856
3250000 1.01857
3260000 1.01858
3270000 1.01859
3280000 1.0186
3290000 1.01861
3300000 1.01862
3310000 1.01862
3320000 1.01862
3330000 1.01862
3340000 1.01863
3350000 1.01864
3360000 1.01865
3370000 1.01867
3380000 1.0187
3390000 1.01871
3400000 1.01873
3410000 1.01875
3420000 1.01876
3430000 1.01878
3440000 1.0188
3450000 1.01881
3460000 1.01882
3470000 1.01884
3480000 1.01885
3490000 1.01886
3500000 1.01887
3510000 1.01887
3520000 1.01888
3530000 1.01888
3540000 1.01889
3550000 1.01889
3560000 1.01889
3570000 1.01889
3580000 1.0189
3590000 1.01891
3600000 1.01892
3610000 1.01893
3620000 1.01894
3630000 1.01895
3640000 1.01896
3650000 1.01897
3660000 1.01897
3670000 1.01899
3680000 1.019
3690000 1.01901
3700000 1.01902
3710000 1.01904
3720000 1.01905
3730000 1.01906
3740000 1.01907
3750000 1.01908
3760000 1.01909
3770000 1.01911
3780000 1.01913
3790000 1.01914
3800000 1.01915
3810000 1.01916
3820000 1.01916
3830000 1.01917
3840000 1.01917
3850000 1.01918
3860000 1.01918
3870000 1.01919
3880000 1.0192
3890000 1.0192
3900000 1.0192
3910000 1.0192
3920000 1.0192
3930000 1.01921
3940000 1.01922
3950000 1.01922
3960000 1.01923
3970000 1.01924
3980000 1.01925
3990000 1.01926
4000000 1.01927
4010000 1.01928
4020000 1.01929
4030000 1.0193
4040000 1.01931
4050000 1.01932
4060000 1.01933
4070000 1.01934
4080000 1.01936
4090000 1.01937
4100000 1.01938
4110000 1.0194
4120000 1.0194
4130000 1.01941
4140000 1.01941
4150000 1.01942
4160000 1.01942
4170000 1.01943
4180000 1.01944
4190000 1.01945
4200000 1.01946
4210000 1.01946
4220000 1.01946
4230000 1.01947
4240000 1.01947
4250000 1.01947
4260000 1.01948
4270000 1.01949
4280000 1.01949
4290000 1.01949
4300000 1.0195
4310000 1.01949
4320000 1.0195
4330000 1.01951
4340000 1.01951
4350000 1.01951
4360000 1.01951
4370000 1.01952
4380000 1.01952
4390000 1.01952
4400000 1.01952
4410000 1.01953
4420000 1.01953
4430000 1.01955
4440000 1.01956
4450000 1.01956
4460000 1.01957
4470000 1.01957
4480000 1.01957
4490000 1.01958
4500000 1.01958
4510000 1.01959
4520000 1.01959
4530000 1.01959
4540000 1.01959
4550000 1.0196
4560000 1.0196
4570000 1.0196
4580000 1.0196
4590000 1.01961
4600000 1.01961
4610000 1.01962
4620000 1.01963
4630000 1.01963
4640000 1.01964
4650000 1.01965
4660000 1.01967
4670000 1.01968
4680000 1.01969
4690000 1.0197
4700000 1.01971
4710000 1.01972
4720000 1.01973
4730000 1.01974
4740000 1.01975
4750000 1.01976
4760000 1.01976
4770000 1.01976
4780000 1.01976
4790000 1.01976
4800000 1.01976
4810000 1.01977
4820000 1.01977
4830000 1.01978
4840000 1.01979
4850000 1.01979
4860000 1.01979
4870000 1.0198
4880000 1.0198
4890000 1.01981
4900000 1.01981
4910000 1.01982
4920000 1.01983
4930000 1.01984
4940000 1.01985
4950000 1.01985
4960000 1.01986
4970000 1.01986
4980000 1.01986
4990000 1.01987
5000000 1.01988
5010000 1.01988
5020000 1.01989
5030000 1.01989
5040000 1.0199
5050000 1.01991
5060000 1.01992
5070000 1.01993
5080000 1.01994
5090000 1.01994
5100000 1.01995
5110000 1.01995
5120000 1.01996
5130000 1.01997
5140000 1.01998
5150000 1.01999
5160000 1.01999
5170000 1.02
5180000 1.02
5190000 1.02001
5200000 1.02001
5210000 1.02002
5220000 1.02002
5230000 1.02002
5240000 1.02001
5250000 1.02001
5260000 1.02001
5270000 1.02001
5280000 1.02001
5290000 1.02001
5300000 1.02001
5310000 1.02001
5320000 1.02002
5330000 1.02002
5340000 1.02003
5350000 1.02003
5360000 1.02004
5370000 1.02004
5380000 1.02004
5390000 1.02004
5400000 1.02005
5410000 1.02005
5420000 1.02005
5430000 1.02005
5440000 1.02005
5450000 1.02005
5460000 1.02005
5470000 1.02005
5480000 1.02006
5490000 1.02006
5500000 1.02006
5510000 1.02007
5520000 1.02007
5530000 1.02008
5540000 1.02008
5550000 1.02007
5560000 1.02008
5570000 1.02008
5580000 1.02009
5590000 1.0201
5600000 1.02012
5610000 1.02012
5620000 1.02013
5630000 1.02014
5640000 1.02015
5650000 1.02016
5660000 1.02016
5670000 1.02017
5680000 1.02018
5690000 1.02019
5700000 1.0202
5710000 1.0202
5720000 1.02021
5730000 1.02021
5740000 1.02022
5750000 1.02022
5760000 1.02023
5770000 1.02023
5780000 1.02024
5790000 1.02024
5800000 1.02024
5810000 1.02024
5820000 1.02025
5830000 1.02025
5840000 1.02026
5850000 1.02026
5860000 1.02027
5870000 1.02027
5880000 1.02027
5890000 1.02027
5900000 1.02027
5910000 1.02027
5920000 1.02027
5930000 1.02027
5940000 1.02027
5950000 1.02027
5960000 1.02027
5970000 1.02027
5980000 1.02027
5990000 1.02028
6000000 1.02028
6010000 1.02028
6020000 1.02029
6030000 1.02029
6040000 1.02029
6050000 1.02029
6060000 1.0203
6070000 1.0203
6080000 1.02031
6090000 1.02031
6100000 1.02032
6110000 1.02032
6120000 1.02033
6130000 1.02032
6140000 1.02033
6150000 1.02033
6160000 1.02033
6170000 1.02033
6180000 1.02033
6190000 1.02033
6200000 1.02032
6210000 1.02032
6220000 1.02032
6230000 1.02032
6240000 1.02032
6250000 1.02033
6260000 1.02033
6270000 1.02033
6280000 1.02034
6290000 1.02034
6300000 1.02035
6310000 1.02035
6320000 1.02036
6330000 1.02036
6340000 1.02036
6350000 1.02036
6360000 1.02036
6370000 1.02036
6380000 1.02036
6390000 1.02037
6400000 1.02037
6410000 1.02037
6420000 1.02037
6430000 1.02037
6440000 1.02038
6450000 1.02038
6460000 1.02039
6470000 1.02039
6480000 1.0204
6490000 1.0204
6500000 1.0204
6510000 1.0204
6520000 1.02041
6530000 1.02041
6540000 1.02041
6550000 1.02042
6560000 1.02042
6570000 1.02042
6580000 1.02042
6590000 1.02042
6600000 1.02042
6610000 1.02042
6620000 1.02043
6630000 1.02043
6640000 1.02044
6650000 1.02045
6660000 1.02046
6670000 1.02046
6680000 1.02047
6690000 1.02048
6700000 1.02049
6710000 1.02049
6720000 1.02049
6730000 1.0205
6740000 1.02051
6750000 1.02051
6760000 1.02052
6770000 1.02053
6780000 1.02053
6790000 1.02054
6800000 1.02054
6810000 1.02054
6820000 1.02054
6830000 1.02055
6840000 1.02055
6850000 1.02055
6860000 1.02056
6870000 1.02056
6880000 1.02056
6890000 1.02056
6900000 1.02056
6910000 1.02056
6920000 1.02057
6930000 1.02057
6940000 1.02057
6950000 1.02057
6960000 1.02057
6970000 1.02057
6980000 1.02056
6990000 1.02056
7000000 1.02057
7010000 1.02057
7020000 1.02057
7030000 1.02058
7040000 1.02058
7050000 1.02058
7060000 1.02058
7070000 1.02058
7080000 1.02058
7090000 1.02058
7100000 1.02059
7110000 1.02059
7120000 1.0206
7130000 1.0206
7140000 1.02061
7150000 1.02061
7160000 1.02061
7170000 1.02062
7180000 1.02062
7190000 1.02062
7200000 1.02062
7210000 1.02063
7220000 1.02063
7230000 1.02063
7240000 1.02063
7250000 1.02063
7260000 1.02064
7270000 1.02064
7280000 1.02064
7290000 1.02064
7300000 1.02064
7310000 1.02064
7320000 1.02065
7330000 1.02065
7340000 1.02066
7350000 1.02066
7360000 1.02066
7370000 1.02067
7380000 1.02068
7390000 1.02068
7400000 1.02069
7410000 1.02069
7420000 1.0207
7430000 1.0207
7440000 1.0207
7450000 1.0207
7460000 1.0207
7470000 1.0207
7480000 1.0207
7490000 1.0207
7500000 1.02071
7510000 1.02071
7520000 1.0207
7530000 1.0207
7540000 1.0207
7550000 1.0207
7560000 1.0207
7570000 1.02069
7580000 1.02069
7590000 1.02069
7600000 1.02069
7610000 1.02069
7620000 1.02069
7630000 1.02069
7640000 1.02069
7650000 1.02068
7660000 1.02068
7670000 1.02068
7680000 1.02068
7690000 1.02067
7700000 1.02067
7710000 1.02067
7720000 1.02067
7730000 1.02067
7740000 1.02066
7750000 1.02066
7760000 1.02066
7770000 1.02067
7780000 1.02067
7790000 1.02066
7800000 1.02066
7810000 1.02066
7820000 1.02066
7830000 1.02066
7840000 1.02066
7850000 1.02066
7860000 1.02066
7870000 1.02066
7880000 1.02066
7890000 1.02066
7900000 1.02066
7910000 1.02066
7920000 1.02066
7930000 1.02066
7940000 1.02066
7950000 1.02065
7960000 1.02065
7970000 1.02065
7980000 1.02065
7990000 1.02065
8000000 1.02064
8010000 1.02065
8020000 1.02064
8030000 1.02065
8040000 1.02065
8050000 1.02066
8060000 1.02066
8070000 1.02066
8080000 1.02066
8090000 1.02066
8100000 1.02066
8110000 1.02065
8120000 1.02065
8130000 1.02065
8140000 1.02065
8150000 1.02065
8160000 1.02066
8170000 1.02066
8180000 1.02066
8190000 1.02066
8200000 1.02066
8210000 1.02066
8220000 1.02067
8230000 1.02067
8240000 1.02067
8250000 1.02068
8260000 1.02068
8270000 1.02068
8280000 1.02068
8290000 1.02068
8300000 1.02068
8310000 1.02068
8320000 1.02069
8330000 1.02069
8340000 1.0207
8350000 1.0207
8360000 1.0207
8370000 1.02071
8380000 1.02071
8390000 1.02071
8400000 1.02071
8410000 1.02072
8420000 1.02072
8430000 1.02072
8440000 1.02072
8450000 1.02072
8460000 1.02072
8470000 1.02072
8480000 1.02073
8490000 1.02073
8500000 1.02073
8510000 1.02074
8520000 1.02074
8530000 1.02075
8540000 1.02075
8550000 1.02076
8560000 1.02076
8570000 1.02076
8580000 1.02077
8590000 1.02077
8600000 1.02078
8610000 1.02079
8620000 1.02079
8630000 1.0208
8640000 1.0208
8650000 1.02081
8660000 1.02081
8670000 1.02081
8680000 1.02081
8690000 1.02082
8700000 1.02082
8710000 1.02082
8720000 1.02082
8730000 1.02083
8740000 1.02083
8750000 1.02083
8760000 1.02083
8770000 1.02083
8780000 1.02083
8790000 1.02083
8800000 1.02083
8810000 1.02083
8820000 1.02084
8830000 1.02084
8840000 1.02084
8850000 1.02084
8860000 1.02084
8870000 1.02084
8880000 1.02084
8890000 1.02084
8900000 1.02083
8910000 1.02083
8920000 1.02083
8930000 1.02083
8940000 1.02083
8950000 1.02083
8960000 1.02083
8970000 1.02083
8980000 1.02083
8990000 1.02083
9000000 1.02084
9010000 1.02084
9020000 1.02085
9030000 1.02085
9040000 1.02085
9050000 1.02086
9060000 1.02086
9070000 1.02086
9080000 1.02087
9090000 1.02087
9100000 1.02087
9110000 1.02088
9120000 1.02088
9130000 1.02089
9140000 1.02089
9150000 1.02089
9160000 1.0209
9170000 1.0209
9180000 1.02091
9190000 1.02091
9200000 1.02092
9210000 1.02092
9220000 1.02093
9230000 1.02093
9240000 1.02093
9250000 1.02093
9260000 1.02093
9270000 1.02093
9280000 1.02093
9290000 1.02093
9300000 1.02093
9310000 1.02093
9320000 1.02094
9330000 1.02094
9340000 1.02094
9350000 1.02095
9360000 1.02095
9370000 1.02096
9380000 1.02096
9390000 1.02096
9400000 1.02097
9410000 1.02097
9420000 1.02097
9430000 1.02098
9440000 1.02098
9450000 1.02098
9460000 1.02099
9470000 1.021
9480000 1.021
9490000 1.02101
9500000 1.02101
9510000 1.02102
9520000 1.02103
9530000 1.02103
9540000 1.02103
9550000 1.02104
9560000 1.02104
9570000 1.02104
9580000 1.02104
9590000 1.02105
9600000 1.02105
9610000 1.02106
9620000 1.02106
9630000 1.02107
9640000 1.02108
9650000 1.02108
9660000 1.02108
9670000 1.02109
9680000 1.0211
9690000 1.0211
9700000 1.02111
9710000 1.02111
9720000 1.02112
9730000 1.02112
9740000 1.02113
9750000 1.02113
9760000 1.02113
9770000 1.02113
9780000 1.02113
9790000 1.02113
9800000 1.02113
9810000 1.02113
9820000 1.02114
9830000 1.02114
9840000 1.02114
9850000 1.02114
9860000 1.02114
9870000 1.02114
9880000 1.02114
9890000 1.02115
9900000 1.02115
9910000 1.02115
9920000 1.02115
9930000 1.02116
9940000 1.02116
9950000 1.02116
9960000 1.02116
9970000 1.02116
9980000 1.02116
9990000 1.02116
10000000 1.02116
